,mean_fit_time,std_fit_time,mean_score_time,std_score_time,param_num_leaves,param_max_depth,param_learning_rate,param_boosting_type,params,split0_test_score,split1_test_score,split2_test_score,mean_test_score,std_test_score,rank_test_score
0,0.8274521827697754,0.11854121244063483,0.008448044459025065,0.001279369621650258,90,152,0.5,goss,"{'num_leaves': 90, 'max_depth': 152, 'learning_rate': 0.5, 'boosting_type': 'goss'}",0.42647750767735426,0.42233006499968206,0.3925020975408655,0.41376989007263393,0.015133617535625843,91
1,5.983983198801677,2.288113521893804,0.06955258051554362,0.02630960070895032,230,152,0.2778222222222222,gbdt,"{'num_leaves': 230, 'max_depth': 152, 'learning_rate': 0.2778222222222222, 'boosting_type': 'gbdt'}",0.7136715627409467,0.6996019206094652,0.6947476543170181,0.7026737125558101,0.008025189793416307,47
2,4.267792145411174,0.2874500375929304,0.040890137354532875,0.010289782285404695,90,78,0.3889111111111111,gbdt,"{'num_leaves': 90, 'max_depth': 78, 'learning_rate': 0.3889111111111111, 'boosting_type': 'gbdt'}",0.7041531954184189,0.7015482043547876,0.684837225635883,0.6968462084696965,0.008557968845371362,49
3,10.412001291910807,0.8281864093306835,0.030681610107421875,0.0002497095173731154,300,78,0.0001,goss,"{'num_leaves': 300, 'max_depth': 78, 'learning_rate': 0.0001, 'boosting_type': 'goss'}",0.01327752894614087,0.01343134097965959,0.012993081491177505,0.013233983805659322,0.00018154885339913875,92
4,8.182207028071085,0.5727813017097797,0.09715509414672852,0.0017142010440139603,230,152,0.16673333333333332,gbdt,"{'num_leaves': 230, 'max_depth': 152, 'learning_rate': 0.16673333333333332, 'boosting_type': 'gbdt'}",0.7319177323686037,0.7175652669479496,0.7112985586669504,0.7202605193278345,0.008630792550636921,26
5,1.3186418215433757,0.1361639895709828,0.030779441197713215,0.0010181316474327164,20,152,0.16673333333333332,goss,"{'num_leaves': 20, 'max_depth': 152, 'learning_rate': 0.16673333333333332, 'boosting_type': 'goss'}",0.7227058663102579,0.7135741070970114,0.6950621379008568,0.7104473704360421,0.011500037440619336,39
6,1.673348108927409,0.06353663230677542,0.02582518259684245,0.002189573252975327,20,78,0.2778222222222222,dart,"{'num_leaves': 20, 'max_depth': 78, 'learning_rate': 0.2778222222222222, 'boosting_type': 'dart'}",0.7271990652324949,0.7133973407350342,0.7070644322129042,0.7158869460601444,0.008406325503829882,33
7,1.8697641690572102,0.0637430838886939,0.020574013392130535,0.0019736377950325167,20,78,0.0001,dart,"{'num_leaves': 20, 'max_depth': 78, 'learning_rate': 0.0001, 'boosting_type': 'dart'}",-1.6030235817093104,-1.6306309261676608,-1.6120259225257914,-1.615226810134254,0.011495669565014802,99
8,10.706327199935913,0.6936752161297733,0.12153085072835286,0.0031835664505550565,300,152,0.5,gbdt,"{'num_leaves': 300, 'max_depth': 152, 'learning_rate': 0.5, 'boosting_type': 'gbdt'}",0.674331441775825,0.6664721652100951,0.6551225675515495,0.6653087248458233,0.007885024090088842,64
9,13.704766750335693,1.3600212578849262,0.0945587952931722,0.002819137715325201,300,78,0.11118888888888889,gbdt,"{'num_leaves': 300, 'max_depth': 78, 'learning_rate': 0.11118888888888889, 'boosting_type': 'gbdt'}",0.7317070281371113,0.7238725615154337,0.7157526682023367,0.7237774192849606,0.006513687602021838,15
10,3.9824464321136475,0.14602286783648138,0.048279921213785805,0.0016378925505376423,230,152,0.11118888888888889,goss,"{'num_leaves': 230, 'max_depth': 152, 'learning_rate': 0.11118888888888889, 'boosting_type': 'goss'}",0.7318290700725631,0.7213874752493973,0.7121729056622467,0.7217964836614024,0.008029805549416758,19
11,1.5439156691233318,0.2031192995606963,0.02749935785929362,0.0014806768435101968,20,300,0.05564444444444445,gbdt,"{'num_leaves': 20, 'max_depth': 300, 'learning_rate': 0.05564444444444445, 'boosting_type': 'gbdt'}",0.7223108649238998,0.7122120085659411,0.6956026498191296,0.7100418411029902,0.01101103714865553,40
12,3.9457241694132485,0.8941503552744672,0.045235236485799156,0.002503417070483958,160,152,0.44445555555555555,goss,"{'num_leaves': 160, 'max_depth': 152, 'learning_rate': 0.44445555555555555, 'boosting_type': 'goss'}",0.5526342942461827,0.5351746120085139,0.5038491604207038,0.5305526888918001,0.020182813655270842,79
13,0.9076848824818929,0.2667871358660878,0.01757637659708659,0.0032071426032262273,300,5,0.5,goss,"{'num_leaves': 300, 'max_depth': 5, 'learning_rate': 0.5, 'boosting_type': 'goss'}",0.6055942329522964,0.6004478784924198,0.5635748614295706,0.5898723242914289,0.018713429327353603,72
14,12.745119015375773,0.39272084388220196,0.06405059496561687,0.006564302237668951,300,300,0.44445555555555555,gbdt,"{'num_leaves': 300, 'max_depth': 300, 'learning_rate': 0.44445555555555555, 'boosting_type': 'gbdt'}",0.6905532717238017,0.6764429483593506,0.6659054506690119,0.6776338902507213,0.010097607889287482,61
15,7.075238545735677,0.11996781325915053,0.048576037089029946,0.005595392142264418,160,226,0.11118888888888889,gbdt,"{'num_leaves': 160, 'max_depth': 226, 'learning_rate': 0.11118888888888889, 'boosting_type': 'gbdt'}",0.7424542456654585,0.7347490913243098,0.7248218583912853,0.7340083984603512,0.007217420577355192,2
16,1.8318450450897217,1.1345194404578214,0.011148293813069662,0.0004144967777096824,160,152,0.16673333333333332,goss,"{'num_leaves': 160, 'max_depth': 152, 'learning_rate': 0.16673333333333332, 'boosting_type': 'goss'}",0.7170279588554241,0.7052571717415306,0.6912533126986639,0.7045128144318729,0.010535610945103597,45
17,1.7594009240468342,1.0438934208883126,0.02948307991027832,0.013162137616780291,90,226,0.11118888888888889,goss,"{'num_leaves': 90, 'max_depth': 226, 'learning_rate': 0.11118888888888889, 'boosting_type': 'goss'}",0.7260603190299542,0.7216658388249959,0.7092175735638366,0.7189812438062623,0.0071332464100652354,30
18,3.217671553293864,0.0225852135249606,0.044034083684285484,0.0011380213095519966,300,300,0.3889111111111111,goss,"{'num_leaves': 300, 'max_depth': 300, 'learning_rate': 0.3889111111111111, 'boosting_type': 'goss'}",0.6006860449828515,0.5843475925152912,0.562235649725451,0.5824230957411979,0.015756183754063093,74
19,8.993090232213339,0.5131153687348128,0.03310831387837728,0.0012438298617349032,230,226,0.0001,dart,"{'num_leaves': 230, 'max_depth': 226, 'learning_rate': 0.0001, 'boosting_type': 'dart'}",-1.6023296518281946,-1.629945901083505,-1.6114707804361315,-1.6145821111159435,0.01148693720949182,96
20,1.6318227450052898,0.05418108703668855,0.026696205139160156,0.0024068171225073817,20,152,0.2778222222222222,dart,"{'num_leaves': 20, 'max_depth': 152, 'learning_rate': 0.2778222222222222, 'boosting_type': 'dart'}",0.7271990652324949,0.7133973407350342,0.7070644322129042,0.7158869460601444,0.008406325503829882,33
21,3.477679173151652,0.1042085131807968,0.04528419176737467,0.0006405541973661441,300,152,0.44445555555555555,goss,"{'num_leaves': 300, 'max_depth': 152, 'learning_rate': 0.44445555555555555, 'boosting_type': 'goss'}",0.5508483897452112,0.5229635392194588,0.4999566549155896,0.5245895279600866,0.02080825233780445,80
22,3.9167941411336265,0.2327223452672288,0.04232597351074219,0.0014267436846843418,300,226,0.5,goss,"{'num_leaves': 300, 'max_depth': 226, 'learning_rate': 0.5, 'boosting_type': 'goss'}",0.4810710586428536,0.4638632547157351,0.44993719146637423,0.4649571682749876,0.01273386316080087,88
23,0.8972263336181641,0.08168554590947154,0.02668142318725586,0.0019072087157110578,20,5,0.5,goss,"{'num_leaves': 20, 'max_depth': 5, 'learning_rate': 0.5, 'boosting_type': 'goss'}",0.6167310664213329,0.5873407655111386,0.5891478436528025,0.597739891861758,0.013449037542186286,71
24,3.030149221420288,0.11699403379146685,0.04367216428120931,0.0010465685693865623,230,152,0.5,goss,"{'num_leaves': 230, 'max_depth': 152, 'learning_rate': 0.5, 'boosting_type': 'goss'}",0.4734716258522381,0.47928991990450653,0.45555526818277847,0.469438937979841,0.01010050664389551,86
25,4.006700356801351,0.2356982115029749,0.042456626892089844,0.0004336842473479423,230,78,0.05564444444444445,goss,"{'num_leaves': 230, 'max_depth': 78, 'learning_rate': 0.05564444444444445, 'boosting_type': 'goss'}",0.7397748843317014,0.7214417992980177,0.7185455248868355,0.7265874028388515,0.009399622420055315,11
26,11.543348868687948,1.6737681844923442,0.050700108210245766,0.0024225360471343406,230,78,0.22227777777777777,dart,"{'num_leaves': 230, 'max_depth': 78, 'learning_rate': 0.22227777777777777, 'boosting_type': 'dart'}",0.7332627610219569,0.7227833701239674,0.71226829185096,0.7227714743322947,0.008570960275853164,17
27,8.756755510965982,0.4998510370813358,0.09748284022013347,0.0034440989107397276,230,226,0.5,gbdt,"{'num_leaves': 230, 'max_depth': 226, 'learning_rate': 0.5, 'boosting_type': 'gbdt'}",0.6763640857570477,0.6733728250785198,0.6550864353301151,0.6682744487218942,0.009404951994491512,63
28,1.1527698040008545,0.06128844690832296,0.022626558939615887,0.0009467738832958798,20,78,0.44445555555555555,gbdt,"{'num_leaves': 20, 'max_depth': 78, 'learning_rate': 0.44445555555555555, 'boosting_type': 'gbdt'}",0.7137524213963389,0.6996770834081167,0.6885664412823704,0.7006653153622754,0.010305851100927037,48
29,1.534898281097412,0.020656458054819204,0.023478031158447266,0.000928681610996798,160,5,0.05564444444444445,dart,"{'num_leaves': 160, 'max_depth': 5, 'learning_rate': 0.05564444444444445, 'boosting_type': 'dart'}",0.5233277618287522,0.5159901724906394,0.5222890545026911,0.5205356629406942,0.003241999465449071,82
30,1.3851141134897869,0.05986949003504742,0.028910398483276367,0.0025443705778796506,20,152,0.05564444444444445,gbdt,"{'num_leaves': 20, 'max_depth': 152, 'learning_rate': 0.05564444444444445, 'boosting_type': 'gbdt'}",0.7223108649238998,0.7122120085659411,0.6956026498191296,0.7100418411029902,0.01101103714865553,40
31,6.665367364883423,0.3131865421928964,0.024384339650472004,0.008615538710536646,160,78,0.0001,goss,"{'num_leaves': 160, 'max_depth': 78, 'learning_rate': 0.0001, 'boosting_type': 'goss'}",0.013026878284311372,0.013176373207752445,0.012802496674271246,0.01300191605544502,0.00015365166280575804,93
32,4.144293387730916,0.19627389986251426,0.04313778877258301,0.00035193699670222787,90,300,0.05564444444444445,gbdt,"{'num_leaves': 90, 'max_depth': 300, 'learning_rate': 0.05564444444444445, 'boosting_type': 'gbdt'}",0.7462051653965196,0.7370085822279393,0.7253653084773612,0.7361930187006068,0.008527358598576874,1
33,3.6793254216512046,0.17865676715784728,0.04800542195638021,0.0006566337196457266,90,78,0.2778222222222222,gbdt,"{'num_leaves': 90, 'max_depth': 78, 'learning_rate': 0.2778222222222222, 'boosting_type': 'gbdt'}",0.7243797116496916,0.7141598078527347,0.7011647825593401,0.7132347673539222,0.009500000284591035,38
34,12.975916941960653,1.52077150417411,0.052546421686808266,0.006983117596627982,300,78,0.11118888888888889,dart,"{'num_leaves': 300, 'max_depth': 78, 'learning_rate': 0.11118888888888889, 'boosting_type': 'dart'}",0.6989510536315164,0.6863908808072244,0.6836686540695288,0.6896701961694233,0.006655993090272087,53
35,1.3334712187449138,0.05059549966641262,0.027194499969482422,0.0012161410069532468,300,5,0.5,dart,"{'num_leaves': 300, 'max_depth': 5, 'learning_rate': 0.5, 'boosting_type': 'dart'}",0.7345057016722926,0.7225505859400162,0.7062401258851694,0.7210988044991593,0.01158494556621979,21
36,1.0431729157765706,0.0979891072339714,0.030168453852335613,0.003900157505220419,300,5,0.33336666666666664,goss,"{'num_leaves': 300, 'max_depth': 5, 'learning_rate': 0.33336666666666664, 'boosting_type': 'goss'}",0.682692268737279,0.6664241390235983,0.6585969690260309,0.6692377922623027,0.010036046713537859,62
37,1.2669031620025635,0.08065728606230545,0.029902219772338867,0.00183577051335228,20,300,0.11118888888888889,goss,"{'num_leaves': 20, 'max_depth': 300, 'learning_rate': 0.11118888888888889, 'boosting_type': 'goss'}",0.7257430839226524,0.7165092960083211,0.7036045481115875,0.7152856426808537,0.009079342397766407,35
38,7.653080463409424,0.19860303761297501,0.04008690516153971,0.0022552265772615167,160,152,0.11118888888888889,dart,"{'num_leaves': 160, 'max_depth': 152, 'learning_rate': 0.11118888888888889, 'boosting_type': 'dart'}",0.6971105362839185,0.6857259436153104,0.6847883522531473,0.6892082773841254,0.0056008357221710185,56
39,4.286133050918579,0.23977927973282273,0.028256813685099285,0.005876483877921686,90,78,0.0001,goss,"{'num_leaves': 90, 'max_depth': 78, 'learning_rate': 0.0001, 'boosting_type': 'goss'}",0.012619140146997831,0.01277068186527286,0.012504220223257034,0.012631347411842575,0.00010912443860927671,94
40,3.1114187240600586,0.18051305107302293,0.04487840334574381,0.002305307040427013,90,300,0.3889111111111111,goss,"{'num_leaves': 90, 'max_depth': 300, 'learning_rate': 0.3889111111111111, 'boosting_type': 'goss'}",0.5837699576399669,0.5691347977969439,0.5702016030581316,0.5743687861650141,0.006661883477036775,76
41,4.154929320017497,0.1799108970719064,0.0470276673634847,0.0030688689591595593,300,78,0.11118888888888889,goss,"{'num_leaves': 300, 'max_depth': 78, 'learning_rate': 0.11118888888888889, 'boosting_type': 'goss'}",0.7309051084251581,0.7174179296115606,0.7137290772923142,0.7206840384430109,0.007382619749260854,24
42,1209.9609140555065,1707.567202493284,0.02083245913187663,0.0012127139614219276,160,152,0.3889111111111111,gbdt,"{'num_leaves': 160, 'max_depth': 152, 'learning_rate': 0.3889111111111111, 'boosting_type': 'gbdt'}",0.6993037434477691,0.6890557826924415,0.6796906610951526,0.6893500624117878,0.008009710783690133,54
43,0.38129647572835285,0.014247569781648943,0.00800029436747233,4.052336624139774e-07,20,152,0.11118888888888889,gbdt,"{'num_leaves': 20, 'max_depth': 152, 'learning_rate': 0.11118888888888889, 'boosting_type': 'gbdt'}",0.7375490655854382,0.7286146407439258,0.7113317644620483,0.7258318235971375,0.010882547894158191,12
44,0.9382502237955729,0.03755604667736928,0.012002944946289062,5.07258523217295e-06,90,152,0.44445555555555555,goss,"{'num_leaves': 90, 'max_depth': 152, 'learning_rate': 0.44445555555555555, 'boosting_type': 'goss'}",0.5242366724516918,0.517953090380211,0.4951160565300018,0.5124352731206349,0.012512321884105648,84
45,7.73654834429423,3.667252766999366,0.023033857345581055,0.01464463136666223,160,152,0.05564444444444445,dart,"{'num_leaves': 160, 'max_depth': 152, 'learning_rate': 0.05564444444444445, 'boosting_type': 'dart'}",0.5677223487057729,0.5571341667445938,0.5623862663374164,0.5624142605959277,0.0043226525089456805,78
46,6.485734065373738,4.052242191505661,0.02417294184366862,0.015445722646956178,300,152,0.05564444444444445,dart,"{'num_leaves': 300, 'max_depth': 152, 'learning_rate': 0.05564444444444445, 'boosting_type': 'dart'}",0.5735052895305264,0.56240655122549,0.5642392781618544,0.5667170396392903,0.004857981367140015,77
47,13.415645122528076,1.9614878932705198,0.06383156776428223,0.0036611662946343907,300,78,0.44445555555555555,dart,"{'num_leaves': 300, 'max_depth': 78, 'learning_rate': 0.44445555555555555, 'boosting_type': 'dart'}",0.7284988923663136,0.7205114609401371,0.7118776996711187,0.7202960176591898,0.006787283379388209,25
48,0.985713799794515,0.044703112682216724,0.025584856669108074,0.0013052893013108507,230,5,0.3889111111111111,goss,"{'num_leaves': 230, 'max_depth': 5, 'learning_rate': 0.3889111111111111, 'boosting_type': 'goss'}",0.6614842225640503,0.6481234315965949,0.6335731602088378,0.647726938123161,0.01139809211388749,66
49,3.2192983627319336,0.2959999864982584,0.04445417722066244,0.0032902017613905595,90,226,0.33336666666666664,goss,"{'num_leaves': 90, 'max_depth': 226, 'learning_rate': 0.33336666666666664, 'boosting_type': 'goss'}",0.6196722370010004,0.611288516766147,0.6044082203781904,0.611789658048446,0.006241576072540912,70
50,5.254672209421794,0.5170232869058456,0.03493523597717285,0.018260401506123076,90,226,0.16673333333333332,dart,"{'num_leaves': 90, 'max_depth': 226, 'learning_rate': 0.16673333333333332, 'boosting_type': 'dart'}",0.724761435483328,0.7136197433881728,0.7095148144667143,0.7159653311127384,0.006441593976456801,31
51,0.5705046653747559,0.03906946229053236,0.005710204442342122,0.0005031739369671699,300,5,0.0001,dart,"{'num_leaves': 300, 'max_depth': 5, 'learning_rate': 0.0001, 'boosting_type': 'dart'}",-1.6029265221085214,-1.6304970837318975,-1.612035698173754,-1.6151531013380576,0.011469455637291674,97
52,1.1375831762949626,0.045760911036021285,0.01484529177347819,0.003343238523971263,230,226,0.2778222222222222,goss,"{'num_leaves': 230, 'max_depth': 226, 'learning_rate': 0.2778222222222222, 'boosting_type': 'goss'}",0.6759892098059233,0.644993326231334,0.6467254602957799,0.6559026654443457,0.014220924029905605,65
53,0.6315560340881348,0.0900453878840094,0.007751067479451497,0.0004826956838882145,230,5,0.05564444444444445,dart,"{'num_leaves': 230, 'max_depth': 5, 'learning_rate': 0.05564444444444445, 'boosting_type': 'dart'}",0.5233277618287522,0.5159901724906394,0.5222890545026911,0.5205356629406942,0.003241999465449071,82
54,0.9425821304321289,0.03555250479677365,0.010446945826212565,0.00047047786615762757,90,300,0.44445555555555555,goss,"{'num_leaves': 90, 'max_depth': 300, 'learning_rate': 0.44445555555555555, 'boosting_type': 'goss'}",0.5242366724516918,0.517953090380211,0.4951160565300018,0.5124352731206349,0.012512321884105648,84
55,0.4536762237548828,0.06193440995748291,0.009229501088460287,0.003748479905843345,20,78,0.05564444444444445,gbdt,"{'num_leaves': 20, 'max_depth': 78, 'learning_rate': 0.05564444444444445, 'boosting_type': 'gbdt'}",0.7223108649238998,0.7122120085659411,0.6956026498191296,0.7100418411029902,0.01101103714865553,40
56,0.640082836151123,0.18154704000423394,0.005723237991333008,0.0004572050341652925,160,5,0.0001,dart,"{'num_leaves': 160, 'max_depth': 5, 'learning_rate': 0.0001, 'boosting_type': 'dart'}",-1.6029265221085214,-1.6304970837318975,-1.612035698173754,-1.6151531013380576,0.011469455637291674,97
57,1.1168382962544758,0.11074901542401863,0.010803858439127604,0.0010015383310831097,300,300,0.5,goss,"{'num_leaves': 300, 'max_depth': 300, 'learning_rate': 0.5, 'boosting_type': 'goss'}",0.4810710586428536,0.4638632547157351,0.44993719146637423,0.4649571682749876,0.01273386316080087,88
58,0.9897721608479818,0.02622512063318967,0.010091225306193033,2.666761514331831e-05,230,300,0.22227777777777777,goss,"{'num_leaves': 230, 'max_depth': 300, 'learning_rate': 0.22227777777777777, 'boosting_type': 'goss'}",0.6956251499848485,0.6833061455644371,0.6788473837033403,0.685926226417542,0.007095631430997202,58
59,0.28072118759155273,0.013061305733956587,0.007092475891113281,6.754613365281461e-05,90,5,0.16673333333333332,gbdt,"{'num_leaves': 90, 'max_depth': 5, 'learning_rate': 0.16673333333333332, 'boosting_type': 'gbdt'}",0.7332698556960898,0.7217461210462881,0.7166908972591991,0.7239022913338591,0.006937928050207797,13
60,0.44304649035135907,0.012356171071097441,0.0047359466552734375,0.00047727354267608545,20,152,0.0001,dart,"{'num_leaves': 20, 'max_depth': 152, 'learning_rate': 0.0001, 'boosting_type': 'dart'}",-1.6030235817093104,-1.6306309261676608,-1.6120259225257914,-1.615226810134254,0.011495669565014802,99
61,0.9011963208516439,0.0429507147959345,0.0111236572265625,1.8208479189894093e-05,300,78,0.3889111111111111,goss,"{'num_leaves': 300, 'max_depth': 78, 'learning_rate': 0.3889111111111111, 'boosting_type': 'goss'}",0.6006860449828515,0.5843475925152912,0.562235649725451,0.5824230957411979,0.015756183754063093,74
62,1.774156888326009,0.0442060784192364,0.010787248611450195,0.0004450485394111442,160,78,0.2778222222222222,dart,"{'num_leaves': 160, 'max_depth': 78, 'learning_rate': 0.2778222222222222, 'boosting_type': 'dart'}",0.734847308763912,0.726018117245947,0.7226820915068088,0.7278491725055559,0.005132426343094557,9
63,2.8035614490509033,0.18318923214396202,0.012170553207397461,4.914315307059865e-05,300,152,0.22227777777777777,dart,"{'num_leaves': 300, 'max_depth': 152, 'learning_rate': 0.22227777777777777, 'boosting_type': 'dart'}",0.7317479100486687,0.7248366783938421,0.7105563911163741,0.7223803265196284,0.008824034113786988,18
64,0.39856386184692383,0.019503568406252416,0.006377696990966797,0.0004397752031920509,20,300,0.22227777777777777,dart,"{'num_leaves': 20, 'max_depth': 300, 'learning_rate': 0.22227777777777777, 'boosting_type': 'dart'}",0.7162226733316,0.7045235170166336,0.7001731817069459,0.7069731240183931,0.006777264748149374,44
65,0.880340576171875,0.06580102401729067,0.012820164362589518,0.0019528221543986994,160,226,0.33336666666666664,goss,"{'num_leaves': 160, 'max_depth': 226, 'learning_rate': 0.33336666666666664, 'boosting_type': 'goss'}",0.6327754770660481,0.6147243592393072,0.5972254731585507,0.6149084364879687,0.01451381199136134,69
66,1.1254812876383464,0.031278706029866,0.009527762730916342,0.0014018585931325986,90,300,0.16673333333333332,dart,"{'num_leaves': 90, 'max_depth': 300, 'learning_rate': 0.16673333333333332, 'boosting_type': 'dart'}",0.724761435483328,0.7136197433881728,0.7095148144667143,0.7159653311127384,0.006441593976456801,31
67,1.7896579106648762,0.08647878969171567,0.011136213938395182,0.0013833365974887208,160,226,0.22227777777777777,dart,"{'num_leaves': 160, 'max_depth': 226, 'learning_rate': 0.22227777777777777, 'boosting_type': 'dart'}",0.734625581138873,0.725133559705732,0.7209698083536331,0.726909649732746,0.005714653936945414,10
68,1.0761105219523113,0.06403336101718111,0.010824124018351236,0.0004614299631048415,160,300,0.05564444444444445,goss,"{'num_leaves': 160, 'max_depth': 300, 'learning_rate': 0.05564444444444445, 'boosting_type': 'goss'}",0.7387911227682238,0.7287108447946378,0.7161127663054321,0.7278715779560979,0.009277400483004067,7
69,0.26273361841837567,0.0068272847777958575,0.0060965220133463545,0.000832006200025205,90,5,0.33336666666666664,gbdt,"{'num_leaves': 90, 'max_depth': 5, 'learning_rate': 0.33336666666666664, 'boosting_type': 'gbdt'}",0.7229553979099469,0.7191525368057872,0.7180063712066198,0.7200381019741181,0.0021152439698659976,27
70,2.258373975753784,0.06277065640235646,0.02325582504272461,6.426726001658141e-05,230,152,0.33336666666666664,gbdt,"{'num_leaves': 230, 'max_depth': 152, 'learning_rate': 0.33336666666666664, 'boosting_type': 'gbdt'}",0.7116021507165255,0.7000121962262755,0.6786966901273856,0.6967703456900622,0.013627778745885664,51
71,0.41829339663187665,0.015993454041618612,0.006064653396606445,4.674017724903434e-05,20,300,0.16673333333333332,dart,"{'num_leaves': 20, 'max_depth': 300, 'learning_rate': 0.16673333333333332, 'boosting_type': 'dart'}",0.7010026103228868,0.6938556532077896,0.6851252331332413,0.693327832221306,0.006492648296388703,52
72,1.7942873636881511,0.1252146273141564,0.0190123716990153,0.0013949470750253938,160,300,0.3889111111111111,gbdt,"{'num_leaves': 160, 'max_depth': 300, 'learning_rate': 0.3889111111111111, 'boosting_type': 'gbdt'}",0.6993037434477691,0.6890557826924415,0.6796906610951526,0.6893500624117878,0.008009710783690133,54
73,1.445047378540039,0.3381719533535564,0.014599164326985678,0.003397766770961369,300,152,0.5,goss,"{'num_leaves': 300, 'max_depth': 152, 'learning_rate': 0.5, 'boosting_type': 'goss'}",0.4810710586428536,0.4638632547157351,0.44993719146637423,0.4649571682749876,0.01273386316080087,88
74,2.9261296590169272,0.5703661881401828,0.010998884836832682,4.899036091938795e-07,160,300,0.33336666666666664,dart,"{'num_leaves': 160, 'max_depth': 300, 'learning_rate': 0.33336666666666664, 'boosting_type': 'dart'}",0.7376567690714466,0.7250536436277804,0.7214565612254538,0.7280556579748936,0.0069460181000122806,5
75,3.8155929247538247,0.07372467330232006,0.020067294438680012,0.004590745286458664,300,226,0.5,dart,"{'num_leaves': 300, 'max_depth': 226, 'learning_rate': 0.5, 'boosting_type': 'dart'}",0.7284865835462492,0.7174024490393942,0.7114374876955898,0.7191088400937443,0.007064075554240038,29
76,0.4089825948079427,0.035307294945097746,0.008312145868937174,0.0008286971921066413,90,5,0.5,goss,"{'num_leaves': 90, 'max_depth': 5, 'learning_rate': 0.5, 'boosting_type': 'goss'}",0.6055942329522964,0.6004478784924198,0.5635748614295706,0.5898723242914289,0.018713429327353603,72
77,3.1210316816965737,0.37248823313916213,0.023701032002766926,0.0030856143581040126,230,78,0.11118888888888889,gbdt,"{'num_leaves': 230, 'max_depth': 78, 'learning_rate': 0.11118888888888889, 'boosting_type': 'gbdt'}",0.7379002373296558,0.7251786273998277,0.7207905973270202,0.7279564873521679,0.007255909071970632,6
78,0.633285125096639,0.10436477193535805,0.009051163991292318,0.0021167329623973585,160,5,0.5,dart,"{'num_leaves': 160, 'max_depth': 5, 'learning_rate': 0.5, 'boosting_type': 'dart'}",0.7345057016722926,0.7225505859400162,0.7062401258851694,0.7210988044991593,0.01158494556621979,21
79,1.8616828918457031,0.01961837557910431,0.017443100611368816,0.0020083350150037764,300,152,0.22227777777777777,goss,"{'num_leaves': 300, 'max_depth': 152, 'learning_rate': 0.22227777777777777, 'boosting_type': 'goss'}",0.6910495853188368,0.682793369407743,0.6614030126986061,0.678415322475062,0.01249280561603946,60
80,0.438651164372762,0.016053229434428627,0.008125066757202148,0.0006660935799502227,160,5,0.33336666666666664,gbdt,"{'num_leaves': 160, 'max_depth': 5, 'learning_rate': 0.33336666666666664, 'boosting_type': 'gbdt'}",0.7229553979099469,0.7191525368057872,0.7180063712066198,0.7200381019741181,0.0021152439698659976,27
81,0.4391051133473714,0.07398716514559506,0.011231581370035807,0.0009030957220114901,160,5,0.11118888888888889,goss,"{'num_leaves': 160, 'max_depth': 5, 'learning_rate': 0.11118888888888889, 'boosting_type': 'goss'}",0.7262502797743555,0.7160643633807553,0.7016227900821252,0.7146458110790787,0.010104043088772966,37
82,1.5503311951955159,0.05193771325979878,0.018082300821940105,0.0007604814046444908,160,78,0.16673333333333332,goss,"{'num_leaves': 160, 'max_depth': 78, 'learning_rate': 0.16673333333333332, 'boosting_type': 'goss'}",0.7170279588554241,0.7052571717415306,0.6912533126986639,0.7045128144318729,0.010535610945103597,45
83,1.6254448890686035,0.007336709059107601,0.013334194819132486,0.0018850323411332976,90,152,0.3889111111111111,gbdt,"{'num_leaves': 90, 'max_depth': 152, 'learning_rate': 0.3889111111111111, 'boosting_type': 'gbdt'}",0.7041531954184189,0.7015482043547876,0.684837225635883,0.6968462084696965,0.008557968845371362,49
84,1.6961534818013508,0.06561301169124885,0.017781972885131836,0.0027793594157897368,90,152,0.5,gbdt,"{'num_leaves': 90, 'max_depth': 152, 'learning_rate': 0.5, 'boosting_type': 'gbdt'}",0.6920346384159941,0.683187549456075,0.6689728622400635,0.6813983500373775,0.00949955458664882,59
85,1.9702204863230388,0.2656069899249766,0.019184668858846027,0.002294463056111665,300,78,0.2778222222222222,goss,"{'num_leaves': 300, 'max_depth': 78, 'learning_rate': 0.2778222222222222, 'boosting_type': 'goss'}",0.6648996880109419,0.646787832023987,0.6304076068630357,0.6473650422993216,0.014087247051971065,67
86,1.6580017407735188,0.4437352822848994,0.014844258626302084,0.004901525509281469,90,226,0.44445555555555555,gbdt,"{'num_leaves': 90, 'max_depth': 226, 'learning_rate': 0.44445555555555555, 'boosting_type': 'gbdt'}",0.703765005194333,0.6839674200600652,0.6730446650982671,0.6869256967842218,0.012714778141648253,57
87,0.45172611872355145,0.08879851610790819,0.006333192189534505,0.00047097747598744187,230,5,0.33336666666666664,dart,"{'num_leaves': 230, 'max_depth': 5, 'learning_rate': 0.33336666666666664, 'boosting_type': 'dart'}",0.7284877725613441,0.7224687592579312,0.7131574381636283,0.7213713233276345,0.0063065078769092,20
88,0.30124950408935547,0.014980124454364042,0.006366332372029622,0.00044928319454177085,20,5,0.44445555555555555,goss,"{'num_leaves': 20, 'max_depth': 5, 'learning_rate': 0.44445555555555555, 'boosting_type': 'goss'}",0.6385960328011282,0.6236180375263363,0.6104434424162859,0.6242191709145835,0.011501104508032493,68
89,3.4525744120279946,0.516467044171511,0.010666926701863607,0.001248680662109567,300,152,0.0001,dart,"{'num_leaves': 300, 'max_depth': 152, 'learning_rate': 0.0001, 'boosting_type': 'dart'}",-1.6023012900283211,-1.6298943527330647,-1.6114710414756206,-1.6145555614123355,0.011474027911969178,95
90,3.908938010533651,0.9127096494924484,0.015030145645141602,3.355242111580051e-05,300,226,0.44445555555555555,dart,"{'num_leaves': 300, 'max_depth': 226, 'learning_rate': 0.44445555555555555, 'boosting_type': 'dart'}",0.7284988923663136,0.7219116074699081,0.7116692619312783,0.7206932539225,0.006924468892742018,23
91,1.266436020533244,0.10068768579369551,0.010001897811889648,0.0016282030870328082,90,152,0.22227777777777777,dart,"{'num_leaves': 90, 'max_depth': 152, 'learning_rate': 0.22227777777777777, 'boosting_type': 'dart'}",0.7356286942662321,0.721961118567938,0.7138155306719991,0.7238017811687231,0.00899979835346844,14
92,1.9401366710662842,0.16591674140669688,0.014889240264892578,0.0008232779845534159,160,152,0.05564444444444445,gbdt,"{'num_leaves': 160, 'max_depth': 152, 'learning_rate': 0.05564444444444445, 'boosting_type': 'gbdt'}",0.7459421970240689,0.730894107590007,0.7236823701517541,0.7335062249219432,0.009273343187625111,3
93,1.3939416408538818,0.027161436918935536,0.01294104258219401,0.0012877547600492146,160,78,0.05564444444444445,goss,"{'num_leaves': 160, 'max_depth': 78, 'learning_rate': 0.05564444444444445, 'boosting_type': 'goss'}",0.7387911227682238,0.7287108447946378,0.7161127663054321,0.7278715779560979,0.009277400483004067,7
94,0.46784520149230957,0.02496798537727121,0.007658640543619792,0.0004708563656717981,20,300,0.44445555555555555,dart,"{'num_leaves': 20, 'max_depth': 300, 'learning_rate': 0.44445555555555555, 'boosting_type': 'dart'}",0.7320266485635076,0.7252861276444039,0.7116186332587728,0.7229771364888947,0.008490007942153212,16
95,0.5116516749064127,0.02037618686340226,0.011707305908203125,0.0037432882772703156,20,152,0.11118888888888889,goss,"{'num_leaves': 20, 'max_depth': 152, 'learning_rate': 0.11118888888888889, 'boosting_type': 'goss'}",0.7257430839226524,0.7165092960083211,0.7036045481115875,0.7152856426808537,0.009079342397766407,35
96,1.6142933368682861,0.3315241518896525,0.012500127156575521,0.002274106766554004,300,226,0.44445555555555555,goss,"{'num_leaves': 300, 'max_depth': 226, 'learning_rate': 0.44445555555555555, 'boosting_type': 'goss'}",0.5508483897452112,0.5229635392194588,0.4999566549155896,0.5245895279600866,0.02080825233780445,80
97,1.6491954326629639,0.4432659235002432,0.01340786616007487,0.0017321264541650956,230,226,0.5,goss,"{'num_leaves': 230, 'max_depth': 226, 'learning_rate': 0.5, 'boosting_type': 'goss'}",0.4734716258522381,0.47928991990450653,0.45555526818277847,0.469438937979841,0.01010050664389551,86
98,2.950016736984253,0.17185249931859892,0.018370389938354492,0.0012383591514499898,230,78,0.05564444444444445,gbdt,"{'num_leaves': 230, 'max_depth': 78, 'learning_rate': 0.05564444444444445, 'boosting_type': 'gbdt'}",0.7443395471636899,0.7308708372659335,0.7230256721465472,0.7327453521920568,0.008801729819294576,4
99,0.373998483022054,0.035958289873162824,0.006816546122233073,0.0004117075983402452,90,5,0.16673333333333332,goss,"{'num_leaves': 90, 'max_depth': 5, 'learning_rate': 0.16673333333333332, 'boosting_type': 'goss'}",0.7282321221824903,0.7060155144425558,0.694735095421048,0.7096609106820314,0.013915923391838624,43
