,mean_fit_time,std_fit_time,mean_score_time,std_score_time,param_num_leaves,param_max_depth,param_learning_rate,param_boosting_type,params,split0_test_score,split1_test_score,split2_test_score,mean_test_score,std_test_score,rank_test_score
0,0.6460789839426676,0.05953989841946811,0.007503191630045573,0.00040589861961727505,90,152,0.5,goss,"{'num_leaves': 90, 'max_depth': 152, 'learning_rate': 0.5, 'boosting_type': 'goss'}",0.4376041182621617,0.42654219617315525,0.4414919653983628,0.43521275994455993,0.006333132238427416,91
1,1.5744544665018718,0.1149863353947184,0.02218286196390788,0.0028690545698435202,230,152,0.2778222222222222,gbdt,"{'num_leaves': 230, 'max_depth': 152, 'learning_rate': 0.2778222222222222, 'boosting_type': 'gbdt'}",0.7195502786582697,0.7166669653474567,0.6957460293549527,0.7106544244535596,0.010607342024095232,45
2,0.8496909141540527,0.18462772487574639,0.00883952776590983,0.0008513622745245692,90,78,0.3889111111111111,gbdt,"{'num_leaves': 90, 'max_depth': 78, 'learning_rate': 0.3889111111111111, 'boosting_type': 'gbdt'}",0.7140650899676397,0.702810875284241,0.6953030567458971,0.7040596739992594,0.007710300310900868,50
3,2.774060010910034,0.10101303358486438,0.007515430450439453,3.3941517677406665e-06,300,78,0.0001,goss,"{'num_leaves': 300, 'max_depth': 78, 'learning_rate': 0.0001, 'boosting_type': 'goss'}",0.013380320598369355,0.01157020083546989,0.012536500617800428,0.012495674017213224,0.0007395419742410091,92
4,3.2882063388824463,0.7942580514484033,0.03500143686930338,0.008503806661955207,230,152,0.16673333333333332,gbdt,"{'num_leaves': 230, 'max_depth': 152, 'learning_rate': 0.16673333333333332, 'boosting_type': 'gbdt'}",0.737009125419799,0.7280776889140278,0.7239596110360251,0.7296821417899507,0.00544690482056083,20
5,1.021016518274943,0.00985589974304064,0.012380043665568033,0.0016011000148004214,20,152,0.16673333333333332,goss,"{'num_leaves': 20, 'max_depth': 152, 'learning_rate': 0.16673333333333332, 'boosting_type': 'goss'}",0.7209782394361525,0.7211022647424494,0.7105123646674945,0.7175309562820321,0.0049631520063963585,40
6,1.1604735056559246,0.06881924752676785,0.015120903650919596,0.004141004608162832,20,78,0.2778222222222222,dart,"{'num_leaves': 20, 'max_depth': 78, 'learning_rate': 0.2778222222222222, 'boosting_type': 'dart'}",0.731007360373022,0.728871524805326,0.7152500814138724,0.7250429888640735,0.006979313511571762,29
7,1.134682019551595,0.028733274364944265,0.009865283966064453,0.00044447788550339124,20,78,0.0001,dart,"{'num_leaves': 20, 'max_depth': 78, 'learning_rate': 0.0001, 'boosting_type': 'dart'}",-1.6332120691368686,-1.5107084962815671,-1.620235971563372,-1.5880521789939361,0.0549462083538249,99
8,9.779690980911255,0.06725412159486073,0.047005812327067055,0.0031903321081970543,300,152,0.5,gbdt,"{'num_leaves': 300, 'max_depth': 152, 'learning_rate': 0.5, 'boosting_type': 'gbdt'}",0.6696580429637171,0.6705087461704549,0.6642126734192013,0.6681264875177911,0.0027891909920534997,63
9,9.546111583709717,0.12834640230913377,0.03311276435852051,0.003614532411251969,300,78,0.11118888888888889,gbdt,"{'num_leaves': 300, 'max_depth': 78, 'learning_rate': 0.11118888888888889, 'boosting_type': 'gbdt'}",0.7400097271209276,0.731880986454255,0.7290507960120487,0.7336471698624104,0.0046450041719192665,10
10,3.6513260205586753,0.02849971073764341,0.020264705022176106,0.0016395508171981772,230,152,0.11118888888888889,goss,"{'num_leaves': 230, 'max_depth': 152, 'learning_rate': 0.11118888888888889, 'boosting_type': 'goss'}",0.7310923010077469,0.7275162623492888,0.7180142204497978,0.7255409279356111,0.005518786539596427,28
11,0.9929092725118002,0.005643062399074076,0.012026151021321615,0.0009967454444264508,20,300,0.05564444444444445,gbdt,"{'num_leaves': 20, 'max_depth': 300, 'learning_rate': 0.05564444444444445, 'boosting_type': 'gbdt'}",0.7237658202656401,0.7164759193698125,0.7088581010472986,0.716366613560917,0.006086541650402162,41
12,3.241778532663981,0.025776944030971805,0.016954342524210613,0.0011347844842636312,160,152,0.44445555555555555,goss,"{'num_leaves': 160, 'max_depth': 152, 'learning_rate': 0.44445555555555555, 'boosting_type': 'goss'}",0.5326451312608897,0.5363847093965586,0.5279573523800837,0.532329064345844,0.003447705545419261,81
13,0.7731950283050537,0.01383424039649204,0.010868708292643229,0.00134731577804887,300,5,0.5,goss,"{'num_leaves': 300, 'max_depth': 5, 'learning_rate': 0.5, 'boosting_type': 'goss'}",0.6143901989714081,0.6169293446884432,0.5965686062459337,0.609296049968595,0.009059164164101739,71
14,9.677389780680338,0.15423684419519806,0.05363670984903971,0.004992743931180827,300,300,0.44445555555555555,gbdt,"{'num_leaves': 300, 'max_depth': 300, 'learning_rate': 0.44445555555555555, 'boosting_type': 'gbdt'}",0.6892307608492998,0.6828472868862889,0.6665094687726418,0.6795291721694102,0.009568061188627347,62
15,5.690277735392253,0.010224578071816658,0.02646772066752116,0.004551399036499387,160,226,0.11118888888888889,gbdt,"{'num_leaves': 160, 'max_depth': 226, 'learning_rate': 0.11118888888888889, 'boosting_type': 'gbdt'}",0.7469498847988767,0.7398118945389378,0.7327361607537424,0.7398326466971857,0.005802747096382389,3
16,3.3182684580485025,0.03704789805888491,0.016863187154134113,0.0033513500024387553,160,152,0.16673333333333332,goss,"{'num_leaves': 160, 'max_depth': 152, 'learning_rate': 0.16673333333333332, 'boosting_type': 'goss'}",0.7166489418755198,0.7042001101259336,0.7070991047186529,0.7093160522400354,0.00531848946078984,46
17,3.1370542844136557,0.08138416584062165,0.022807995478312176,0.004518227175982117,90,226,0.11118888888888889,goss,"{'num_leaves': 90, 'max_depth': 226, 'learning_rate': 0.11118888888888889, 'boosting_type': 'goss'}",0.7375374980980522,0.7295453403225435,0.7264528933604985,0.7311785772603647,0.004670311389921647,15
18,3.3240318298339844,0.0547052370765959,0.019913355509440105,0.008051632773114086,300,300,0.3889111111111111,goss,"{'num_leaves': 300, 'max_depth': 300, 'learning_rate': 0.3889111111111111, 'boosting_type': 'goss'}",0.5899497565831093,0.5900458731085276,0.5794813145113968,0.5864923147343446,0.004957681090405391,74
19,8.531036694844564,0.18411927480163545,0.013794183731079102,0.0008434468266072194,230,226,0.0001,dart,"{'num_leaves': 230, 'max_depth': 226, 'learning_rate': 0.0001, 'boosting_type': 'dart'}",-1.6326851179920476,-1.5100932307205182,-1.6198536502035292,-1.5875439996386984,0.05501592403365263,96
20,1.219357967376709,0.05272585430430849,0.01641670862833659,0.004417393544501792,20,152,0.2778222222222222,dart,"{'num_leaves': 20, 'max_depth': 152, 'learning_rate': 0.2778222222222222, 'boosting_type': 'dart'}",0.731007360373022,0.728871524805326,0.7152500814138724,0.7250429888640735,0.006979313511571762,29
21,3.5166669686635337,0.03415303197634695,0.024638891220092773,0.005242133597385326,300,152,0.44445555555555555,goss,"{'num_leaves': 300, 'max_depth': 152, 'learning_rate': 0.44445555555555555, 'boosting_type': 'goss'}",0.5406020853604094,0.5482568916063175,0.5435560710601206,0.5441383493422826,0.0031520681743903143,79
22,3.8577400048573813,0.31597330546377783,0.022136211395263672,0.0021668207762633265,300,226,0.5,goss,"{'num_leaves': 300, 'max_depth': 226, 'learning_rate': 0.5, 'boosting_type': 'goss'}",0.4738881139032315,0.46770475183744964,0.4883420016782568,0.4766449558063126,0.008647703094152111,88
23,0.7508633136749268,0.0026830436891328675,0.010696808497111002,0.0011159129290587275,20,5,0.5,goss,"{'num_leaves': 20, 'max_depth': 5, 'learning_rate': 0.5, 'boosting_type': 'goss'}",0.6005150167584057,0.5854917540621549,0.6036708521826899,0.5965592076677502,0.00793121349648733,73
24,3.306888739267985,0.03810377992542752,0.021055857340494793,0.0009242753580543182,230,152,0.5,goss,"{'num_leaves': 230, 'max_depth': 152, 'learning_rate': 0.5, 'boosting_type': 'goss'}",0.4848442404349046,0.48497325050391404,0.47607312268642,0.4819635378750795,0.0041654855035613645,86
25,4.0980110963185625,0.021119048601535805,0.012801567713419596,0.003919053176319451,230,78,0.05564444444444445,goss,"{'num_leaves': 230, 'max_depth': 78, 'learning_rate': 0.05564444444444445, 'boosting_type': 'goss'}",0.741016972644493,0.7352873526764021,0.7247089008288397,0.7336710753832448,0.006755124760871462,9
26,8.246721029281616,0.055492999358370425,0.01685341199239095,0.003961315282410669,230,78,0.22227777777777777,dart,"{'num_leaves': 230, 'max_depth': 78, 'learning_rate': 0.22227777777777777, 'boosting_type': 'dart'}",0.7378853861773848,0.7301720572348593,0.7217768976910766,0.7299447803677737,0.006578226276087658,19
27,8.336944659550985,0.4978176678540736,0.04031602541605631,0.0020043151894562363,230,226,0.5,gbdt,"{'num_leaves': 230, 'max_depth': 226, 'learning_rate': 0.5, 'boosting_type': 'gbdt'}",0.6730760593173355,0.6563603542637235,0.6739199544822523,0.6677854560211038,0.008086109587319576,64
28,0.8961493968963623,0.004689533456039329,0.009561856587727865,0.0023882362794492985,20,78,0.44445555555555555,gbdt,"{'num_leaves': 20, 'max_depth': 78, 'learning_rate': 0.44445555555555555, 'boosting_type': 'gbdt'}",0.7173163727062705,0.7092366189600556,0.6969114593235409,0.707821483663289,0.008390156076032987,48
29,1.156194766362508,0.0049939189093844115,0.009358723958333334,0.002920616405059073,160,5,0.05564444444444445,dart,"{'num_leaves': 160, 'max_depth': 5, 'learning_rate': 0.05564444444444445, 'boosting_type': 'dart'}",0.5359585118542525,0.5403401643723037,0.5081420517664985,0.5281469093310182,0.014258224862157685,82
30,0.9779993693033854,0.00766761871360829,0.011405706405639648,0.0010293398665017163,20,152,0.05564444444444445,gbdt,"{'num_leaves': 20, 'max_depth': 152, 'learning_rate': 0.05564444444444445, 'boosting_type': 'gbdt'}",0.7237658202656401,0.7164759193698125,0.7088581010472986,0.716366613560917,0.006086541650402162,41
31,6.175327221552531,0.1992131024028098,0.01240833600362142,0.0031594899143801646,160,78,0.0001,goss,"{'num_leaves': 160, 'max_depth': 78, 'learning_rate': 0.0001, 'boosting_type': 'goss'}",0.013210171288370431,0.011390193964526785,0.012277256042434903,0.012292540431777374,0.0007430812312008469,93
32,3.647925535837809,0.1975438531670065,0.012654781341552734,0.0020403875093306556,90,300,0.05564444444444445,gbdt,"{'num_leaves': 90, 'max_depth': 300, 'learning_rate': 0.05564444444444445, 'boosting_type': 'gbdt'}",0.7473995160909155,0.7401417295487406,0.7349322835232448,0.740824509720967,0.005112573621102275,2
33,3.27113938331604,0.02813566590473188,0.012201070785522461,0.0032968674913996083,90,78,0.2778222222222222,gbdt,"{'num_leaves': 90, 'max_depth': 78, 'learning_rate': 0.2778222222222222, 'boosting_type': 'gbdt'}",0.7263596401261675,0.7283336052599787,0.718044836241204,0.7242460272091167,0.004458341369670086,35
34,9.929782390594482,0.07645964035908308,0.015098889668782553,0.003879396377283161,300,78,0.11118888888888889,dart,"{'num_leaves': 300, 'max_depth': 78, 'learning_rate': 0.11118888888888889, 'boosting_type': 'dart'}",0.7025963865925808,0.700418488888141,0.6800013348747029,0.6943387367851416,0.010176988086162438,58
35,0.9808393319447836,0.02133573395786486,0.010413328806559244,0.000158162691651539,300,5,0.5,dart,"{'num_leaves': 300, 'max_depth': 5, 'learning_rate': 0.5, 'boosting_type': 'dart'}",0.7394778392102832,0.7265096361359686,0.7218717090001339,0.7292863947821285,0.007451028863114644,21
36,0.7917153040568033,0.012162149153830666,0.011201222737630209,0.0011077239073724527,300,5,0.33336666666666664,goss,"{'num_leaves': 300, 'max_depth': 5, 'learning_rate': 0.33336666666666664, 'boosting_type': 'goss'}",0.6772579743033955,0.6926226864841546,0.678032679735773,0.6826377801744411,0.007067475156756578,61
37,1.0196882088979085,0.011145206714453527,0.01117237408955892,0.0014569239142485232,20,300,0.11118888888888889,goss,"{'num_leaves': 20, 'max_depth': 300, 'learning_rate': 0.11118888888888889, 'boosting_type': 'goss'}",0.733031766596,0.7250159530156589,0.7166611500518154,0.7249029565544914,0.006683753818494506,31
38,6.078502893447876,0.023213534150600377,0.0208585262298584,0.0010759251890539382,160,152,0.11118888888888889,dart,"{'num_leaves': 160, 'max_depth': 152, 'learning_rate': 0.11118888888888889, 'boosting_type': 'dart'}",0.7022829791009242,0.7013590447257618,0.6833671358575752,0.6956697198947538,0.008707414242137989,56
39,3.616575558980306,0.05563896808023214,0.011074542999267578,0.0011774214568709648,90,78,0.0001,goss,"{'num_leaves': 90, 'max_depth': 78, 'learning_rate': 0.0001, 'boosting_type': 'goss'}",0.013043835508547263,0.011102867656692883,0.012016260426264469,0.012054321197168205,0.0007928537137851649,94
40,3.092395226160685,0.0024226695403997403,0.01935728391011556,0.0010823264013552554,90,300,0.3889111111111111,goss,"{'num_leaves': 90, 'max_depth': 300, 'learning_rate': 0.3889111111111111, 'boosting_type': 'goss'}",0.5719737677211545,0.5673404935752144,0.5697630284282652,0.5696924299082115,0.0018921848819349002,77
41,3.7711121241251626,0.015898144305036416,0.02028497060139974,0.00012601534000291923,300,78,0.11118888888888889,goss,"{'num_leaves': 300, 'max_depth': 78, 'learning_rate': 0.11118888888888889, 'boosting_type': 'goss'}",0.7353315670124989,0.7287406710269825,0.725800049195688,0.7299574290783898,0.00398520874315633,18
42,5.52039368947347,0.035356988459968576,0.03519193331400553,0.004228745199549909,160,152,0.3889111111111111,gbdt,"{'num_leaves': 160, 'max_depth': 152, 'learning_rate': 0.3889111111111111, 'boosting_type': 'gbdt'}",0.7043432894901804,0.6977011597323675,0.6937747504776024,0.6986063999000501,0.004361811476591314,53
43,0.953594446182251,0.00907737736330087,0.013549009958902994,0.004729892675698258,20,152,0.11118888888888889,gbdt,"{'num_leaves': 20, 'max_depth': 152, 'learning_rate': 0.11118888888888889, 'boosting_type': 'gbdt'}",0.7352238939392763,0.7347070496398838,0.7268404797228483,0.7322571411006695,0.0038359655341637664,12
44,3.0696632067362466,0.03768966682798316,0.017051219940185547,0.0007094954761088942,90,152,0.44445555555555555,goss,"{'num_leaves': 90, 'max_depth': 152, 'learning_rate': 0.44445555555555555, 'boosting_type': 'goss'}",0.5389752641480023,0.5158422843438688,0.5213383871062618,0.5253853118660443,0.009868025424339566,84
45,6.0950329303741455,0.035477612519711425,0.011706193288167318,0.00147300472063817,160,152,0.05564444444444445,dart,"{'num_leaves': 160, 'max_depth': 152, 'learning_rate': 0.05564444444444445, 'boosting_type': 'dart'}",0.5744516594225582,0.5795080551851759,0.5460536701914782,0.5666711282664041,0.01472416308047307,78
46,9.81460722287496,0.0228414127534208,0.02121877670288086,0.007319498530528743,300,152,0.05564444444444445,dart,"{'num_leaves': 300, 'max_depth': 152, 'learning_rate': 0.05564444444444445, 'boosting_type': 'dart'}",0.578632711261945,0.5827595050541867,0.5503598994597756,0.5705840385919692,0.014399524517142045,76
47,10.03962516784668,0.059699638970656124,0.026399691899617512,0.004975889232522728,300,78,0.44445555555555555,dart,"{'num_leaves': 300, 'max_depth': 78, 'learning_rate': 0.44445555555555555, 'boosting_type': 'dart'}",0.7321759638124775,0.7257928066195976,0.7166351654193983,0.7248679786171578,0.0063781179982371925,33
48,0.7970122496287028,0.009533465363220838,0.011906782786051432,0.0014326848941595427,230,5,0.3889111111111111,goss,"{'num_leaves': 230, 'max_depth': 5, 'learning_rate': 0.3889111111111111, 'boosting_type': 'goss'}",0.6638739474640805,0.6626806000178638,0.6451335173489776,0.6572293549436407,0.00856691250759553,67
49,3.1092897256215415,0.017867460160166684,0.015260934829711914,0.002558565140214846,90,226,0.33336666666666664,goss,"{'num_leaves': 90, 'max_depth': 226, 'learning_rate': 0.33336666666666664, 'boosting_type': 'goss'}",0.6258314849352001,0.6090597499837029,0.6115601855153151,0.615483806811406,0.007387777129699751,70
50,3.7076331774393716,0.03276870435441267,0.01556094487508138,0.003281858252386572,90,226,0.16673333333333332,dart,"{'num_leaves': 90, 'max_depth': 226, 'learning_rate': 0.16673333333333332, 'boosting_type': 'dart'}",0.7295045614721405,0.7215247192656028,0.7108531947312521,0.7206274918229986,0.007640773657974753,37
51,1.158160924911499,0.011724212264574993,0.009370644887288412,0.00316983901619133,300,5,0.0001,dart,"{'num_leaves': 300, 'max_depth': 5, 'learning_rate': 0.0001, 'boosting_type': 'dart'}",-1.633095527006875,-1.5106557789580664,-1.620196716095057,-1.5879826740199994,0.054931359323396316,97
52,3.3834991455078125,0.004520227042495348,0.023730913798014324,0.0023901229869421267,230,226,0.2778222222222222,goss,"{'num_leaves': 230, 'max_depth': 226, 'learning_rate': 0.2778222222222222, 'boosting_type': 'goss'}",0.6746630570584359,0.6681896736353429,0.6523323116103362,0.6650616807680384,0.009380966638194842,65
53,1.1526352564493816,0.01767545988686346,0.01106882095336914,0.0011764047845285728,230,5,0.05564444444444445,dart,"{'num_leaves': 230, 'max_depth': 5, 'learning_rate': 0.05564444444444445, 'boosting_type': 'dart'}",0.5359585118542525,0.5403401643723037,0.5081420517664985,0.5281469093310182,0.014258224862157685,82
54,3.0940747261047363,0.0020716819370583312,0.01506805419921875,0.0037437812092271532,90,300,0.44445555555555555,goss,"{'num_leaves': 90, 'max_depth': 300, 'learning_rate': 0.44445555555555555, 'boosting_type': 'goss'}",0.5389752641480023,0.5158422843438688,0.5213383871062618,0.5253853118660443,0.009868025424339566,84
55,0.9711188475290934,0.012810595068273008,0.010027805964152018,0.00028689541644547105,20,78,0.05564444444444445,gbdt,"{'num_leaves': 20, 'max_depth': 78, 'learning_rate': 0.05564444444444445, 'boosting_type': 'gbdt'}",0.7237658202656401,0.7164759193698125,0.7088581010472986,0.716366613560917,0.006086541650402162,41
56,1.17020050684611,0.010578601142890368,0.011643568674723307,0.001556174817875099,160,5,0.0001,dart,"{'num_leaves': 160, 'max_depth': 5, 'learning_rate': 0.0001, 'boosting_type': 'dart'}",-1.633095527006875,-1.5106557789580664,-1.620196716095057,-1.5879826740199994,0.054931359323396316,97
57,3.3732150395711265,0.02276119032909768,0.01547988255818685,0.002113185847059629,300,300,0.5,goss,"{'num_leaves': 300, 'max_depth': 300, 'learning_rate': 0.5, 'boosting_type': 'goss'}",0.4738881139032315,0.46770475183744964,0.4883420016782568,0.4766449558063126,0.008647703094152111,88
58,3.4071761767069497,0.014577404262763154,0.01693264643351237,0.003930403552980701,230,300,0.22227777777777777,goss,"{'num_leaves': 230, 'max_depth': 300, 'learning_rate': 0.22227777777777777, 'boosting_type': 'goss'}",0.6978920318268125,0.6939775330778194,0.6934514384462774,0.6951070011169698,0.0019809914910484507,57
59,0.7682802677154541,0.013379246105401593,0.010239998499552408,3.2125128001225373e-06,90,5,0.16673333333333332,gbdt,"{'num_leaves': 90, 'max_depth': 5, 'learning_rate': 0.16673333333333332, 'boosting_type': 'gbdt'}",0.7424388356858205,0.7375390104660158,0.7297423714285682,0.7365734058601348,0.005228087307999283,5
60,1.1297909418741863,0.01781803758275641,0.010307073593139648,0.0019554815415979685,20,152,0.0001,dart,"{'num_leaves': 20, 'max_depth': 152, 'learning_rate': 0.0001, 'boosting_type': 'dart'}",-1.6332120691368686,-1.5107084962815671,-1.620235971563372,-1.5880521789939361,0.0549462083538249,99
61,3.3741119702657065,0.010095188393728798,0.01689600944519043,0.002603970509162934,300,78,0.3889111111111111,goss,"{'num_leaves': 300, 'max_depth': 78, 'learning_rate': 0.3889111111111111, 'boosting_type': 'goss'}",0.5899497565831093,0.5900458731085276,0.5794813145113968,0.5864923147343446,0.004957681090405391,74
62,6.111721595128377,0.03485135127949989,0.018898725509643555,0.004524635335031368,160,78,0.2778222222222222,dart,"{'num_leaves': 160, 'max_depth': 78, 'learning_rate': 0.2778222222222222, 'boosting_type': 'dart'}",0.741232640364127,0.7322571125306091,0.7214112201578593,0.7316336576841985,0.008104060575106512,14
63,9.658792734146118,0.26532500071114545,0.0208129088083903,0.0007884420902923023,300,152,0.22227777777777777,dart,"{'num_leaves': 300, 'max_depth': 152, 'learning_rate': 0.22227777777777777, 'boosting_type': 'dart'}",0.7330046575511975,0.7281902482630416,0.7197801043815026,0.7269916700652472,0.005465018689000824,26
64,1.0935776233673096,0.02607125517698123,0.0052835941314697266,0.0034275296124508512,20,300,0.22227777777777777,dart,"{'num_leaves': 20, 'max_depth': 300, 'learning_rate': 0.22227777777777777, 'boosting_type': 'dart'}",0.7211709516374882,0.7160795607432728,0.7062843955410261,0.7145116359739291,0.006177711505351048,44
65,1.9743127822875977,0.9111646448012709,0.01594241460164388,0.006676218236595003,160,226,0.33336666666666664,goss,"{'num_leaves': 160, 'max_depth': 226, 'learning_rate': 0.33336666666666664, 'boosting_type': 'goss'}",0.623550967735343,0.6406966151372093,0.6041417737463914,0.6227964522063146,0.014932985357693258,69
66,1.1255613168080647,0.11421155176513338,0.010178248087565104,0.00023473438886171058,90,300,0.16673333333333332,dart,"{'num_leaves': 90, 'max_depth': 300, 'learning_rate': 0.16673333333333332, 'boosting_type': 'dart'}",0.7295045614721405,0.7215247192656028,0.7108531947312521,0.7206274918229986,0.007640773657974753,37
67,1.8805492719014485,0.07018594273489262,0.012530962626139322,7.469603308047728e-06,160,226,0.22227777777777777,dart,"{'num_leaves': 160, 'max_depth': 226, 'learning_rate': 0.22227777777777777, 'boosting_type': 'dart'}",0.7364005066281425,0.7334862724640985,0.7218427380396761,0.7305765057106391,0.006289261402766246,16
68,1.055073579152425,0.06933386968664672,0.009184439977010092,0.0030739176160777663,160,300,0.05564444444444445,goss,"{'num_leaves': 160, 'max_depth': 300, 'learning_rate': 0.05564444444444445, 'boosting_type': 'goss'}",0.7455474586916855,0.7352322258599485,0.7257035852303944,0.735494423260676,0.008103348653268592,6
69,0.31368136405944824,0.03755814701923607,0.006507396697998047,0.0012216514173603054,90,5,0.33336666666666664,gbdt,"{'num_leaves': 90, 'max_depth': 5, 'learning_rate': 0.33336666666666664, 'boosting_type': 'gbdt'}",0.7301815004250641,0.7306471162021836,0.722725637716201,0.7278514181144828,0.0036294552420929336,23
70,3.805914560953776,0.1869555852516218,0.03425184885660807,0.004258153652749738,230,152,0.33336666666666664,gbdt,"{'num_leaves': 230, 'max_depth': 152, 'learning_rate': 0.33336666666666664, 'boosting_type': 'gbdt'}",0.7118950276377582,0.7063733174541743,0.6955613117420572,0.70460988561133,0.006783796264562484,49
71,0.7215489546457926,0.03839834093561716,0.010884841283162435,0.0033282046671102047,20,300,0.16673333333333332,dart,"{'num_leaves': 20, 'max_depth': 300, 'learning_rate': 0.16673333333333332, 'boosting_type': 'dart'}",0.7086313279369729,0.7023615849107191,0.6872515830082655,0.6994148319519858,0.008973512432115608,52
72,2.049612840016683,0.7230636011293308,0.02154827117919922,0.002876986281923838,160,300,0.3889111111111111,gbdt,"{'num_leaves': 160, 'max_depth': 300, 'learning_rate': 0.3889111111111111, 'boosting_type': 'gbdt'}",0.7043432894901804,0.6977011597323675,0.6937747504776024,0.6986063999000501,0.004361811476591314,53
73,0.929473876953125,0.003372017682961955,0.013856013615926107,0.0033311465351890594,300,152,0.5,goss,"{'num_leaves': 300, 'max_depth': 152, 'learning_rate': 0.5, 'boosting_type': 'goss'}",0.4738881139032315,0.46770475183744964,0.4883420016782568,0.4766449558063126,0.008647703094152111,88
74,1.8976508776346843,0.11431893704334804,0.01170818010965983,0.0017167099547518582,160,300,0.33336666666666664,dart,"{'num_leaves': 160, 'max_depth': 300, 'learning_rate': 0.33336666666666664, 'boosting_type': 'dart'}",0.7370484483879247,0.7320033708189506,0.7276411484385403,0.7322309892151386,0.0038438852467379265,13
75,2.793345292409261,0.021267383026515135,0.010346651077270508,0.000231807850723365,300,226,0.5,dart,"{'num_leaves': 300, 'max_depth': 226, 'learning_rate': 0.5, 'boosting_type': 'dart'}",0.7323210762002048,0.7237813193618388,0.7170151776525441,0.7243725244048626,0.006262575356299426,34
76,0.28571399052937824,0.0339224432832691,0.006853183110555013,0.001877708365832188,90,5,0.5,goss,"{'num_leaves': 90, 'max_depth': 5, 'learning_rate': 0.5, 'boosting_type': 'goss'}",0.6143901989714081,0.6169293446884432,0.5965686062459337,0.609296049968595,0.009059164164101739,71
77,3.20920737584432,0.7081723138271805,0.024344921112060547,0.0019389302371960561,230,78,0.11118888888888889,gbdt,"{'num_leaves': 230, 'max_depth': 78, 'learning_rate': 0.11118888888888889, 'boosting_type': 'gbdt'}",0.7401740330742421,0.7322179731420277,0.7316370325629773,0.7346763462597491,0.003894679552225494,8
78,0.37124013900756836,0.030744524803077454,0.010859409968058268,0.0011754726574898244,160,5,0.5,dart,"{'num_leaves': 160, 'max_depth': 5, 'learning_rate': 0.5, 'boosting_type': 'dart'}",0.7394778392102832,0.7265096361359686,0.7218717090001339,0.7292863947821285,0.007451028863114644,21
79,1.0305397510528564,0.058171255197815984,0.011014779408772787,0.0010817099425544628,300,152,0.22227777777777777,goss,"{'num_leaves': 300, 'max_depth': 152, 'learning_rate': 0.22227777777777777, 'boosting_type': 'goss'}",0.6984042349117388,0.6893835388047209,0.6781672165626659,0.6886516634263752,0.008277920797408394,59
80,0.25856637954711914,0.00929600140697598,0.0023359457651774087,0.003303526182081889,160,5,0.33336666666666664,gbdt,"{'num_leaves': 160, 'max_depth': 5, 'learning_rate': 0.33336666666666664, 'boosting_type': 'gbdt'}",0.7301815004250641,0.7306471162021836,0.722725637716201,0.7278514181144828,0.0036294552420929336,23
81,0.29999279975891113,0.012047735852805247,0.01001588503519694,0.0020468363026790322,160,5,0.11118888888888889,goss,"{'num_leaves': 160, 'max_depth': 5, 'learning_rate': 0.11118888888888889, 'boosting_type': 'goss'}",0.7274392304274072,0.7215285734763467,0.7093774883689571,0.7194484307575704,0.007518948368149865,39
82,0.9760429859161377,0.02492806279049519,0.012854735056559244,0.0020590459436172115,160,78,0.16673333333333332,goss,"{'num_leaves': 160, 'max_depth': 78, 'learning_rate': 0.16673333333333332, 'boosting_type': 'goss'}",0.7166489418755198,0.7042001101259336,0.7070991047186529,0.7093160522400354,0.00531848946078984,46
83,0.9761430422465006,0.07826705000800689,0.013523578643798828,0.004615101024065737,90,152,0.3889111111111111,gbdt,"{'num_leaves': 90, 'max_depth': 152, 'learning_rate': 0.3889111111111111, 'boosting_type': 'gbdt'}",0.7140650899676397,0.702810875284241,0.6953030567458971,0.7040596739992594,0.007710300310900868,50
84,0.9256970882415771,0.03608945790346607,0.010852177937825521,0.002720485831912056,90,152,0.5,gbdt,"{'num_leaves': 90, 'max_depth': 152, 'learning_rate': 0.5, 'boosting_type': 'gbdt'}",0.6863255561718196,0.6892290409980999,0.684236421413533,0.6865970061944843,0.0020472463481717136,60
85,0.9166372617085775,0.01485443963017769,0.010686000188191732,0.0006283324726014023,300,78,0.2778222222222222,goss,"{'num_leaves': 300, 'max_depth': 78, 'learning_rate': 0.2778222222222222, 'boosting_type': 'goss'}",0.6774981455522848,0.6608654904898592,0.6561911690130042,0.6648516016850494,0.009143800236833663,66
86,0.889768918355306,0.03419682167462913,0.010850747426350912,0.0011864643787918682,90,226,0.44445555555555555,gbdt,"{'num_leaves': 90, 'max_depth': 226, 'learning_rate': 0.44445555555555555, 'boosting_type': 'gbdt'}",0.6993974371187143,0.6942854583413964,0.6968755124612767,0.6968528026404623,0.002087018376681281,55
87,0.35872793197631836,0.021871400667697084,0.00667723019917806,0.0023951273377417867,230,5,0.33336666666666664,dart,"{'num_leaves': 230, 'max_depth': 5, 'learning_rate': 0.33336666666666664, 'boosting_type': 'dart'}",0.735093975057798,0.7262254107136777,0.721193832286579,0.7275044060193515,0.005746324274932652,25
88,0.2762000560760498,0.021184203319804768,0.005674282709757487,0.004195201657680259,20,5,0.44445555555555555,goss,"{'num_leaves': 20, 'max_depth': 5, 'learning_rate': 0.44445555555555555, 'boosting_type': 'goss'}",0.6342993695791008,0.6397462822643195,0.6225591221654171,0.6322015913362792,0.007171709384024978,68
89,2.674257437388102,0.06771805162379105,0.01020359992980957,0.0016988045470762274,300,152,0.0001,dart,"{'num_leaves': 300, 'max_depth': 152, 'learning_rate': 0.0001, 'boosting_type': 'dart'}",-1.6326545514269455,-1.5100578615094529,-1.619846402029744,-1.5875196049887144,0.055022743478676854,95
90,3.077545404434204,0.44671404383813496,0.01468507448832194,0.003423180794149692,300,226,0.44445555555555555,dart,"{'num_leaves': 300, 'max_depth': 226, 'learning_rate': 0.44445555555555555, 'boosting_type': 'dart'}",0.7333677785716693,0.7305156509535857,0.7166351654193983,0.7268395316482178,0.007308920375648856,27
91,2.089043935139974,0.2404050545963446,0.00950773557027181,0.0004115605302369497,90,152,0.22227777777777777,dart,"{'num_leaves': 90, 'max_depth': 152, 'learning_rate': 0.22227777777777777, 'boosting_type': 'dart'}",0.7404957232187945,0.7339998484615511,0.7239381274200842,0.7328112330334765,0.006811661551352442,11
92,2.67460831006368,0.6175675573546487,0.01607656478881836,0.001385882076552792,160,152,0.05564444444444445,gbdt,"{'num_leaves': 160, 'max_depth': 152, 'learning_rate': 0.05564444444444445, 'boosting_type': 'gbdt'}",0.7501185705219313,0.7414518393287657,0.7361337335302209,0.7425680477936393,0.005763584383811253,1
93,2.04028058052063,0.32751196129327714,0.01823703447977702,0.004141791884494421,160,78,0.05564444444444445,goss,"{'num_leaves': 160, 'max_depth': 78, 'learning_rate': 0.05564444444444445, 'boosting_type': 'goss'}",0.7455474586916855,0.7352322258599485,0.7257035852303944,0.735494423260676,0.008103348653268592,6
94,0.5238576730092367,0.04378132838049777,0.008344729741414389,0.0010354642743843545,20,300,0.44445555555555555,dart,"{'num_leaves': 20, 'max_depth': 300, 'learning_rate': 0.44445555555555555, 'boosting_type': 'dart'}",0.7396131212488068,0.7334482503514377,0.7172354437062038,0.7300989384354827,0.009437638503458646,17
95,0.5638225873311361,0.09823409753209501,0.010349909464518229,0.001558646179624345,20,152,0.11118888888888889,goss,"{'num_leaves': 20, 'max_depth': 152, 'learning_rate': 0.11118888888888889, 'boosting_type': 'goss'}",0.733031766596,0.7250159530156589,0.7166611500518154,0.7249029565544914,0.006683753818494506,31
96,1.4430045286814372,0.15252613126010373,0.019175608952840168,0.00286022331622128,300,226,0.44445555555555555,goss,"{'num_leaves': 300, 'max_depth': 226, 'learning_rate': 0.44445555555555555, 'boosting_type': 'goss'}",0.5406020853604094,0.5482568916063175,0.5435560710601206,0.5441383493422826,0.0031520681743903143,79
97,1.4773708979288738,0.3039458606207203,0.01329342524210612,0.0049663562017854745,230,226,0.5,goss,"{'num_leaves': 230, 'max_depth': 226, 'learning_rate': 0.5, 'boosting_type': 'goss'}",0.4848442404349046,0.48497325050391404,0.47607312268642,0.4819635378750795,0.0041654855035613645,86
98,3.165071725845337,0.5407118563712495,0.020560344060262043,0.004317188542484572,230,78,0.05564444444444445,gbdt,"{'num_leaves': 230, 'max_depth': 78, 'learning_rate': 0.05564444444444445, 'boosting_type': 'gbdt'}",0.7483916835750613,0.7395427576886955,0.7308303247097401,0.7395882553244989,0.007169466917667656,4
99,0.6592429478963217,0.039773967592119826,0.011525313059488932,0.0017905888345872488,90,5,0.16673333333333332,goss,"{'num_leaves': 90, 'max_depth': 5, 'learning_rate': 0.16673333333333332, 'boosting_type': 'goss'}",0.7310127002364053,0.7249637685854926,0.7090146083515785,0.7216636923911587,0.009278896802588385,36
