,mean_fit_time,std_fit_time,mean_score_time,std_score_time,param_num_leaves,param_max_depth,param_learning_rate,param_boosting_type,params,split0_test_score,split1_test_score,split2_test_score,mean_test_score,std_test_score,rank_test_score
0,0.6273417472839355,0.014435408661451425,0.007838090260823568,0.0008470407901868366,90,152,0.5,goss,"{'num_leaves': 90, 'max_depth': 152, 'learning_rate': 0.5, 'boosting_type': 'goss'}",0.37179188583471845,0.42875172999258004,0.4772467085962725,0.42593010814119037,0.043097958755389444,91
1,1.6157739162445068,0.016820819257948785,0.01584633191426595,0.00047402523691712957,230,152,0.2778222222222222,gbdt,"{'num_leaves': 230, 'max_depth': 152, 'learning_rate': 0.2778222222222222, 'boosting_type': 'gbdt'}",0.6984826593258313,0.7087306586875415,0.7330556743569607,0.7134229974567777,0.014499123523616502,45
2,0.6818929513295492,0.02982042165118711,0.008504311243693033,0.0004109597901943309,90,78,0.3889111111111111,gbdt,"{'num_leaves': 90, 'max_depth': 78, 'learning_rate': 0.3889111111111111, 'boosting_type': 'gbdt'}",0.6955557144083844,0.7044602195948633,0.7204606292771134,0.7068255210934536,0.010304034308272519,48
3,2.226762851079305,0.2991017752605743,0.007512648900349935,0.0007076818841253884,300,78,0.0001,goss,"{'num_leaves': 300, 'max_depth': 78, 'learning_rate': 0.0001, 'boosting_type': 'goss'}",0.013326147086174633,0.012940111242586094,0.012306766019065773,0.012857674782608833,0.0004202231688402297,92
4,2.2289044857025146,0.07389652232127912,0.021858612696329754,0.0010342452192981843,230,152,0.16673333333333332,gbdt,"{'num_leaves': 230, 'max_depth': 152, 'learning_rate': 0.16673333333333332, 'boosting_type': 'gbdt'}",0.722145436134253,0.7286014365504994,0.7452438457224303,0.7319969061357275,0.009730743090979153,15
5,0.3732670148213704,0.023348082175165718,0.007001638412475586,3.040810659680206e-06,20,152,0.16673333333333332,goss,"{'num_leaves': 20, 'max_depth': 152, 'learning_rate': 0.16673333333333332, 'boosting_type': 'goss'}",0.7130209808187311,0.7215536382075604,0.7307092028158368,0.7217612739473761,0.007222678810758071,34
6,0.4155894915262858,0.01129400783644272,0.006673415501912435,0.000476389131405614,20,78,0.2778222222222222,dart,"{'num_leaves': 20, 'max_depth': 78, 'learning_rate': 0.2778222222222222, 'boosting_type': 'dart'}",0.7110635351045848,0.7194459470055183,0.7310374386547183,0.7205156402549404,0.008189317777584953,37
7,0.5274437268575033,0.07564272581102316,0.004503726959228516,0.0004110430803414875,20,78,0.0001,dart,"{'num_leaves': 20, 'max_depth': 78, 'learning_rate': 0.0001, 'boosting_type': 'dart'}",-1.670597792336828,-1.6309792962679759,-1.499927194528178,-1.600501427710994,0.07293279368899833,99
8,2.518913666407267,0.01699547966964394,0.02869757016499837,0.002713620947152584,300,152,0.5,gbdt,"{'num_leaves': 300, 'max_depth': 152, 'learning_rate': 0.5, 'boosting_type': 'gbdt'}",0.6567291568480278,0.6671162475117693,0.6895322497192757,0.6711258846930243,0.013688647808163423,63
9,2.4928057193756104,0.034775426389260095,0.021522045135498047,0.00040746737286108354,300,78,0.11118888888888889,gbdt,"{'num_leaves': 300, 'max_depth': 78, 'learning_rate': 0.11118888888888889, 'boosting_type': 'gbdt'}",0.7210572092195586,0.7349285641183485,0.7493763167778638,0.7351206967052569,0.011562025469121686,8
10,1.0233336289723713,0.03832018836182114,0.011177460352579752,0.00047014859534265146,230,152,0.11118888888888889,goss,"{'num_leaves': 230, 'max_depth': 152, 'learning_rate': 0.11118888888888889, 'boosting_type': 'goss'}",0.7196128866700531,0.7247147092339397,0.7426939654736651,0.729007187125886,0.009899598460687595,22
11,0.3916645844777425,0.04525855974059498,0.0075092315673828125,0.0006996383623383207,20,300,0.05564444444444445,gbdt,"{'num_leaves': 20, 'max_depth': 300, 'learning_rate': 0.05564444444444445, 'boosting_type': 'gbdt'}",0.7070151732236234,0.7164672658978772,0.7255208893978279,0.7163344428397762,0.007555510759422596,40
12,0.8855879306793213,0.04368354840465623,0.010678291320800781,0.00023164202415513048,160,152,0.44445555555555555,goss,"{'num_leaves': 160, 'max_depth': 152, 'learning_rate': 0.44445555555555555, 'boosting_type': 'goss'}",0.5120884296661077,0.5113217800612684,0.5351617590671949,0.5195239895981903,0.011062001427663636,83
13,0.2833065191904704,0.008207975730774784,0.0066712697347005205,0.00047463006932170005,300,5,0.5,goss,"{'num_leaves': 300, 'max_depth': 5, 'learning_rate': 0.5, 'boosting_type': 'goss'}",0.5830264044035817,0.6122194506633047,0.6242132560545376,0.606486370373808,0.017296249004409882,71
14,2.539610226949056,0.010312114475677835,0.029371341069539387,0.002634310651275211,300,300,0.44445555555555555,gbdt,"{'num_leaves': 300, 'max_depth': 300, 'learning_rate': 0.44445555555555555, 'boosting_type': 'gbdt'}",0.6674799291202085,0.6746912033364784,0.6918014800225057,0.6779908708263975,0.010199683450358685,61
15,1.6028258005777996,0.04059087184453267,0.016859134038289387,0.0012583223404226086,160,226,0.11118888888888889,gbdt,"{'num_leaves': 160, 'max_depth': 226, 'learning_rate': 0.11118888888888889, 'boosting_type': 'gbdt'}",0.7318495685532417,0.741933800682177,0.7626877391986793,0.7454903694780327,0.01283835603154399,1
16,0.9518396854400635,0.06329748726110179,0.010844151178995768,0.0006281442426762491,160,152,0.16673333333333332,goss,"{'num_leaves': 160, 'max_depth': 152, 'learning_rate': 0.16673333333333332, 'boosting_type': 'goss'}",0.6951487870608004,0.7091624310093956,0.7237104888873129,0.7093405689858363,0.011660946292665387,46
17,1.1180810928344727,0.21101690028737563,0.011344114939371744,0.0002393412485513898,90,226,0.11118888888888889,goss,"{'num_leaves': 90, 'max_depth': 226, 'learning_rate': 0.11118888888888889, 'boosting_type': 'goss'}",0.7209087157449219,0.7301600924410869,0.7442198963629503,0.7317629015163197,0.009583998231438417,16
18,0.9289992650349935,0.02135038792284545,0.012838363647460938,0.0030099558646864547,300,300,0.3889111111111111,goss,"{'num_leaves': 300, 'max_depth': 300, 'learning_rate': 0.3889111111111111, 'boosting_type': 'goss'}",0.5651644967066295,0.5911023924742563,0.6084318936440997,0.5882329276083285,0.01777999401759829,74
19,2.494675397872925,0.1857638758394509,0.007506608963012695,0.0007127927122036361,230,226,0.0001,dart,"{'num_leaves': 230, 'max_depth': 226, 'learning_rate': 0.0001, 'boosting_type': 'dart'}",-1.6700576407030296,-1.6304382439836758,-1.4994604728800907,-1.5999854525222652,0.07289891539269115,96
20,0.3981045087178548,0.007414578371417153,0.007672707239786784,0.0008451712612339797,20,152,0.2778222222222222,dart,"{'num_leaves': 20, 'max_depth': 152, 'learning_rate': 0.2778222222222222, 'boosting_type': 'dart'}",0.7110635351045848,0.7194459470055183,0.7310374386547183,0.7205156402549404,0.008189317777584953,37
21,1.01231853167216,0.03157425646541446,0.011183738708496094,0.0012470032449312604,300,152,0.44445555555555555,goss,"{'num_leaves': 300, 'max_depth': 152, 'learning_rate': 0.44445555555555555, 'boosting_type': 'goss'}",0.5287948828689706,0.5583609129209434,0.5501332715701779,0.5457630224533639,0.012459583761528021,79
22,0.9504132270812988,0.05658362671920674,0.011014461517333984,0.0010783906637223332,300,226,0.5,goss,"{'num_leaves': 300, 'max_depth': 226, 'learning_rate': 0.5, 'boosting_type': 'goss'}",0.4891964265226162,0.49427095602524007,0.4785085062306721,0.48732529625950943,0.006569604362907731,86
23,0.2798175811767578,0.002830784201865683,0.0065046946207682295,0.0004078832707031451,20,5,0.5,goss,"{'num_leaves': 20, 'max_depth': 5, 'learning_rate': 0.5, 'boosting_type': 'goss'}",0.5851341411447517,0.5988216186690725,0.6077903525860361,0.5972487041332868,0.009315990708479365,73
24,0.9370105266571045,0.027193361180006013,0.010507901509602865,0.0007095281724361956,230,152,0.5,goss,"{'num_leaves': 230, 'max_depth': 152, 'learning_rate': 0.5, 'boosting_type': 'goss'}",0.43372191177346386,0.4549353981249221,0.47249269736276023,0.4537166690870487,0.01585154943328074,89
25,1.1745402018229167,0.08783655469771998,0.013180255889892578,0.003063576859884185,230,78,0.05564444444444445,goss,"{'num_leaves': 230, 'max_depth': 78, 'learning_rate': 0.05564444444444445, 'boosting_type': 'goss'}",0.7214817532596933,0.7301408800353162,0.7463667682304778,0.7326631338418291,0.010314627662447572,14
26,2.4354491233825684,0.13253297899451644,0.012343009312947592,0.0008485622663408573,230,78,0.22227777777777777,dart,"{'num_leaves': 230, 'max_depth': 78, 'learning_rate': 0.22227777777777777, 'boosting_type': 'dart'}",0.7221436897678764,0.7283841259245611,0.7430070848270962,0.7311783001731779,0.00874360225719334,18
27,2.123903671900431,0.01737921639465141,0.026859124501546223,0.004399364886583177,230,226,0.5,gbdt,"{'num_leaves': 230, 'max_depth': 226, 'learning_rate': 0.5, 'boosting_type': 'gbdt'}",0.6504831978433849,0.6734930806354099,0.6882315696199242,0.6707359493662396,0.01553353839431598,64
28,0.3285214106241862,0.024327771802571427,0.006676832834879558,0.0010244791013077847,20,78,0.44445555555555555,gbdt,"{'num_leaves': 20, 'max_depth': 78, 'learning_rate': 0.44445555555555555, 'boosting_type': 'gbdt'}",0.6918536610931868,0.7066809952921714,0.7219159200811895,0.7068168588221826,0.012273241843933717,50
29,0.44499627749125165,0.054663278568171866,0.006009578704833984,0.0004116331579133171,160,5,0.05564444444444445,dart,"{'num_leaves': 160, 'max_depth': 5, 'learning_rate': 0.05564444444444445, 'boosting_type': 'dart'}",0.5179190503095901,0.527746298894588,0.5437781938721309,0.5298145143587697,0.0106577659588907,81
30,0.39310208956400555,0.03703807532290925,0.007337331771850586,0.0004727269090215024,20,152,0.05564444444444445,gbdt,"{'num_leaves': 20, 'max_depth': 152, 'learning_rate': 0.05564444444444445, 'boosting_type': 'gbdt'}",0.7070151732236234,0.7164672658978772,0.7255208893978279,0.7163344428397762,0.007555510759422596,40
31,1.8212049802144368,0.0711750847004718,0.007012287775675456,0.0004084345393313473,160,78,0.0001,goss,"{'num_leaves': 160, 'max_depth': 78, 'learning_rate': 0.0001, 'boosting_type': 'goss'}",0.013127689897445949,0.012750547593140982,0.012077680703671434,0.012651972731419455,0.00043429450781339246,93
32,1.1770968437194824,0.09583721375733467,0.012843688329060873,0.004013166738294956,90,300,0.05564444444444445,gbdt,"{'num_leaves': 90, 'max_depth': 300, 'learning_rate': 0.05564444444444445, 'boosting_type': 'gbdt'}",0.7272842067020768,0.7395752049766898,0.7553595919576938,0.7407396678788202,0.011491266095043846,3
33,0.9211295445760092,0.017668505741412245,0.011007547378540039,0.0007146420230065533,90,78,0.2778222222222222,gbdt,"{'num_leaves': 90, 'max_depth': 78, 'learning_rate': 0.2778222222222222, 'boosting_type': 'gbdt'}",0.7144822094870018,0.7229488673546782,0.7432024725313777,0.7268778497910192,0.012049648807422934,28
34,2.7682132720947266,0.10852464684973602,0.01051656405131022,0.00042281903653765534,300,78,0.11118888888888889,dart,"{'num_leaves': 300, 'max_depth': 78, 'learning_rate': 0.11118888888888889, 'boosting_type': 'dart'}",0.6830020270993826,0.6922117677046282,0.710711496064064,0.6953084302893583,0.011522316229789645,56
35,0.3635750611623128,0.031246749033890353,0.0071726640065511065,0.0008534184148795397,300,5,0.5,dart,"{'num_leaves': 300, 'max_depth': 5, 'learning_rate': 0.5, 'boosting_type': 'dart'}",0.7170674076816793,0.7286012291265483,0.7400725843873892,0.7285804070652055,0.009391835602760277,24
36,0.28248055775960285,0.021690472100061465,0.006681203842163086,0.000478539091916156,300,5,0.33336666666666664,goss,"{'num_leaves': 300, 'max_depth': 5, 'learning_rate': 0.33336666666666664, 'boosting_type': 'goss'}",0.6570237644062569,0.6752251587826701,0.6882450638506041,0.6734979956798437,0.012804418613281467,62
37,0.35590918858846027,0.014605928092627323,0.008507092793782553,0.0007017242810811213,20,300,0.11118888888888889,goss,"{'num_leaves': 20, 'max_depth': 300, 'learning_rate': 0.11118888888888889, 'boosting_type': 'goss'}",0.7143150989033684,0.7158116346485446,0.733700025553568,0.7212755863684936,0.008806623325916117,35
38,1.8378880818684895,0.08657026171922033,0.010842482248942057,0.0008489199287721888,160,152,0.11118888888888889,dart,"{'num_leaves': 160, 'max_depth': 152, 'learning_rate': 0.11118888888888889, 'boosting_type': 'dart'}",0.6872624497612756,0.6930941188700961,0.7083919637717548,0.6962495108010422,0.008909974345573595,55
39,1.1450782616933186,0.050701273889249374,0.005837599436442058,0.0006278879711175522,90,78,0.0001,goss,"{'num_leaves': 90, 'max_depth': 78, 'learning_rate': 0.0001, 'boosting_type': 'goss'}",0.012843732324531953,0.01240139448185662,0.011690830038116773,0.012311985614835116,0.0004748974483204345,94
40,0.8642295996348063,0.03488604393665558,0.011177619298299154,0.002358651841763473,90,300,0.3889111111111111,goss,"{'num_leaves': 90, 'max_depth': 300, 'learning_rate': 0.3889111111111111, 'boosting_type': 'goss'}",0.5366269725858804,0.5872416108076701,0.5887768751764872,0.5708818195233459,0.024229942401946012,77
41,1.0429399013519287,0.01788029163886808,0.010840654373168945,0.0006257344853035472,300,78,0.11118888888888889,goss,"{'num_leaves': 300, 'max_depth': 78, 'learning_rate': 0.11118888888888889, 'boosting_type': 'goss'}",0.7138072444989668,0.7305990361492608,0.7380269159173705,0.7274777321885327,0.01013097641609805,27
42,1.5667595863342285,0.09780250066102551,0.01835322380065918,0.0006243514815080124,160,152,0.3889111111111111,gbdt,"{'num_leaves': 160, 'max_depth': 152, 'learning_rate': 0.3889111111111111, 'boosting_type': 'gbdt'}",0.6893396324498418,0.6922308598641771,0.7125442724919699,0.6980382549353296,0.010324992590974564,52
43,0.36890435218811035,0.008567320568667526,0.008503595987955729,0.002278687756322504,20,152,0.11118888888888889,gbdt,"{'num_leaves': 20, 'max_depth': 152, 'learning_rate': 0.11118888888888889, 'boosting_type': 'gbdt'}",0.7217608198945302,0.7342031134378635,0.7443725264876798,0.7334454866066912,0.009246722575239126,10
44,0.8832530975341797,0.07240715530188238,0.01101525624593099,0.0012217404311435694,90,152,0.44445555555555555,goss,"{'num_leaves': 90, 'max_depth': 152, 'learning_rate': 0.44445555555555555, 'boosting_type': 'goss'}",0.49392069349173084,0.5184891837670442,0.5368488219445178,0.5164195664010977,0.017586330679362206,84
45,1.8110891183217366,0.07993469183716603,0.011513948440551758,0.0028326089332939763,160,152,0.05564444444444445,dart,"{'num_leaves': 160, 'max_depth': 152, 'learning_rate': 0.05564444444444445, 'boosting_type': 'dart'}",0.5555496578812105,0.566413067150675,0.5833273346243903,0.5684300198854253,0.011429520405884975,78
46,2.7854273319244385,0.09299625249659285,0.011183023452758789,0.0017011865266412267,300,152,0.05564444444444445,dart,"{'num_leaves': 300, 'max_depth': 152, 'learning_rate': 0.05564444444444445, 'boosting_type': 'dart'}",0.5584429346533107,0.5713689015937206,0.5865506914353305,0.5721208425607872,0.01148725552493599,76
47,2.834946950276693,0.12091308222687841,0.01569048563639323,0.001702019960539892,300,78,0.44445555555555555,dart,"{'num_leaves': 300, 'max_depth': 78, 'learning_rate': 0.44445555555555555, 'boosting_type': 'dart'}",0.7190426132900554,0.7262309173342799,0.7467077205748203,0.7306604170663853,0.011720491775146879,19
48,0.2859964370727539,0.016528455752018147,0.008342583974202475,0.0022496869904353443,230,5,0.3889111111111111,goss,"{'num_leaves': 230, 'max_depth': 5, 'learning_rate': 0.3889111111111111, 'boosting_type': 'goss'}",0.646861243102691,0.6583578332464548,0.6718349124709913,0.659017996273379,0.010206138735940017,67
49,0.8857896327972412,0.02495520459598274,0.010840018590291342,0.0008501378777483094,90,226,0.33336666666666664,goss,"{'num_leaves': 90, 'max_depth': 226, 'learning_rate': 0.33336666666666664, 'boosting_type': 'goss'}",0.6108148538845535,0.613447673658758,0.6129401763506719,0.6124009012979944,0.0011404818214803586,70
50,1.2137129306793213,0.06230800067177906,0.008844614028930664,0.00023367023706545462,90,226,0.16673333333333332,dart,"{'num_leaves': 90, 'max_depth': 226, 'learning_rate': 0.16673333333333332, 'boosting_type': 'dart'}",0.7140093087025959,0.7214377223989649,0.7367943002233053,0.7240804437749553,0.0094877795735018,30
51,0.4109327793121338,0.007103375337159311,0.0061715443929036455,0.0006192241171151634,300,5,0.0001,dart,"{'num_leaves': 300, 'max_depth': 5, 'learning_rate': 0.0001, 'boosting_type': 'dart'}",-1.6704961659032005,-1.630948989286149,-1.4998427157211998,-1.6004292903035164,0.07293485236496121,97
52,0.9175435702006022,0.0038463530389268186,0.0103453000386556,0.0002399694020079176,230,226,0.2778222222222222,goss,"{'num_leaves': 230, 'max_depth': 226, 'learning_rate': 0.2778222222222222, 'boosting_type': 'goss'}",0.6542725383349659,0.666629340669406,0.6819949750126466,0.6676322846723396,0.01133983528221844,65
53,0.4281403223673503,0.019955730415533234,0.006501674652099609,0.001077693401091923,230,5,0.05564444444444445,dart,"{'num_leaves': 230, 'max_depth': 5, 'learning_rate': 0.05564444444444445, 'boosting_type': 'dart'}",0.5179190503095901,0.527746298894588,0.5437781938721309,0.5298145143587697,0.0106577659588907,81
54,0.8325562477111816,0.002867387626132978,0.01067193349202474,0.00046873651841601946,90,300,0.44445555555555555,goss,"{'num_leaves': 90, 'max_depth': 300, 'learning_rate': 0.44445555555555555, 'boosting_type': 'goss'}",0.49392069349173084,0.5184891837670442,0.5368488219445178,0.5164195664010977,0.017586330679362206,84
55,0.39726710319519043,0.03912147658764922,0.006508588790893555,5.0613668213178815e-06,20,78,0.05564444444444445,gbdt,"{'num_leaves': 20, 'max_depth': 78, 'learning_rate': 0.05564444444444445, 'boosting_type': 'gbdt'}",0.7070151732236234,0.7164672658978772,0.7255208893978279,0.7163344428397762,0.007555510759422596,40
56,0.43146395683288574,0.0028519135798646704,0.00550691286722819,0.0007111642249704818,160,5,0.0001,dart,"{'num_leaves': 160, 'max_depth': 5, 'learning_rate': 0.0001, 'boosting_type': 'dart'}",-1.6704961659032005,-1.630948989286149,-1.4998427157211998,-1.6004292903035164,0.07293485236496121,97
57,0.9538809458414713,0.015066912786560823,0.012680848439534506,0.001183371899163868,300,300,0.5,goss,"{'num_leaves': 300, 'max_depth': 300, 'learning_rate': 0.5, 'boosting_type': 'goss'}",0.4891964265226162,0.49427095602524007,0.4785085062306721,0.48732529625950943,0.006569604362907731,86
58,0.98989470799764,0.04125918419701596,0.010513703028361002,1.8087715588793823e-06,230,300,0.22227777777777777,goss,"{'num_leaves': 230, 'max_depth': 300, 'learning_rate': 0.22227777777777777, 'boosting_type': 'goss'}",0.6667603038072367,0.6864713607233237,0.7077807284061528,0.6870041309789044,0.016750755041246422,59
59,0.2826410134633382,0.008245395600199375,0.007005929946899414,0.0010844608957315783,90,5,0.16673333333333332,gbdt,"{'num_leaves': 90, 'max_depth': 5, 'learning_rate': 0.16673333333333332, 'boosting_type': 'gbdt'}",0.7239562065219476,0.7303697431296192,0.7449542509593424,0.7330934002036363,0.008786095015850709,11
60,0.439483642578125,0.014763105577428529,0.005333264668782552,0.00047148290609263344,20,152,0.0001,dart,"{'num_leaves': 20, 'max_depth': 152, 'learning_rate': 0.0001, 'boosting_type': 'dart'}",-1.670597792336828,-1.6309792962679759,-1.499927194528178,-1.600501427710994,0.07293279368899833,99
61,1.0196016629536946,0.10105350139689098,0.01017451286315918,0.0002393941786908763,300,78,0.3889111111111111,goss,"{'num_leaves': 300, 'max_depth': 78, 'learning_rate': 0.3889111111111111, 'boosting_type': 'goss'}",0.5651644967066295,0.5911023924742563,0.6084318936440997,0.5882329276083285,0.01777999401759829,74
62,1.8222003777821858,0.039425488725912575,0.010849873224894205,0.00047025433521665915,160,78,0.2778222222222222,dart,"{'num_leaves': 160, 'max_depth': 78, 'learning_rate': 0.2778222222222222, 'boosting_type': 'dart'}",0.7272802930947943,0.7315033793825059,0.7474663565158763,0.7354166763310589,0.008693089549201422,7
63,2.8497610092163086,0.10922847658264204,0.015013933181762695,0.003533929297089129,300,152,0.22227777777777777,dart,"{'num_leaves': 300, 'max_depth': 152, 'learning_rate': 0.22227777777777777, 'boosting_type': 'dart'}",0.7179466147439975,0.7260949110715191,0.7417048208265928,0.7285821155473698,0.009857407659362468,23
64,0.4551738103230794,0.021071879756094127,0.005998690923055013,1.1406501209264853e-06,20,300,0.22227777777777777,dart,"{'num_leaves': 20, 'max_depth': 300, 'learning_rate': 0.22227777777777777, 'boosting_type': 'dart'}",0.7054787781222784,0.7126214038982046,0.7242991693244712,0.7141331171149847,0.007757393844508819,44
65,1.8038617769877117,0.49794258778558254,0.012344996134440104,0.0020949078980970976,160,226,0.33336666666666664,goss,"{'num_leaves': 160, 'max_depth': 226, 'learning_rate': 0.33336666666666664, 'boosting_type': 'goss'}",0.6059215757732991,0.6250487804042434,0.6356503122788837,0.6222068894854754,0.01230194297798121,69
66,1.5504175027211506,0.48672016601420814,0.0098417599995931,0.001935850360541056,90,300,0.16673333333333332,dart,"{'num_leaves': 90, 'max_depth': 300, 'learning_rate': 0.16673333333333332, 'boosting_type': 'dart'}",0.7140093087025959,0.7214377223989649,0.7367943002233053,0.7240804437749553,0.0094877795735018,30
67,1.8484690189361572,0.035856619192889634,0.010507424672444662,0.0010860464709480458,160,226,0.22227777777777777,dart,"{'num_leaves': 160, 'max_depth': 226, 'learning_rate': 0.22227777777777777, 'boosting_type': 'dart'}",0.7195942906433428,0.7298687247955029,0.7444570190580112,0.7313066781656189,0.010200967224610325,17
68,1.0896225770314534,0.022977923221244374,0.009836753209431967,0.0002347424607427002,160,300,0.05564444444444445,goss,"{'num_leaves': 160, 'max_depth': 300, 'learning_rate': 0.05564444444444445, 'boosting_type': 'goss'}",0.7248423492255677,0.7296894643112093,0.7443676582209795,0.7329664905859188,0.008301148464537101,12
69,0.2899916172027588,0.005311924211833545,0.0066776275634765625,0.00023248366680069706,90,5,0.33336666666666664,gbdt,"{'num_leaves': 90, 'max_depth': 5, 'learning_rate': 0.33336666666666664, 'boosting_type': 'gbdt'}",0.7078067640853423,0.7171324741356699,0.7420983656679705,0.7223458679629943,0.014476719038385159,32
70,2.2148685455322266,0.08702040796592428,0.023351669311523438,0.0006212077708828319,230,152,0.33336666666666664,gbdt,"{'num_leaves': 230, 'max_depth': 152, 'learning_rate': 0.33336666666666664, 'boosting_type': 'gbdt'}",0.6877077543224945,0.7086941663291569,0.7172060931856109,0.7045360046124207,0.012396390081194551,51
71,0.42948516209920246,0.013508257332145428,0.006674289703369141,0.0008486739650627726,20,300,0.16673333333333332,dart,"{'num_leaves': 20, 'max_depth': 300, 'learning_rate': 0.16673333333333332, 'boosting_type': 'dart'}",0.6890577941485534,0.697568620144008,0.7028029869691688,0.6964764670872433,0.005664343453777281,54
72,1.6748089790344238,0.07018802362729969,0.023026069005330402,0.0068716311491920125,160,300,0.3889111111111111,gbdt,"{'num_leaves': 160, 'max_depth': 300, 'learning_rate': 0.3889111111111111, 'boosting_type': 'gbdt'}",0.6893396324498418,0.6922308598641771,0.7125442724919699,0.6980382549353296,0.010324992590974564,52
73,0.9507439136505127,0.016868389168963722,0.010718504587809244,0.0008417275407673936,300,152,0.5,goss,"{'num_leaves': 300, 'max_depth': 152, 'learning_rate': 0.5, 'boosting_type': 'goss'}",0.4891964265226162,0.49427095602524007,0.4785085062306721,0.48732529625950943,0.006569604362907731,86
74,1.895578384399414,0.09575469196044105,0.012273073196411133,0.0015146368987508448,160,300,0.33336666666666664,dart,"{'num_leaves': 160, 'max_depth': 300, 'learning_rate': 0.33336666666666664, 'boosting_type': 'dart'}",0.7258966078742655,0.7345193617954202,0.7543937406419368,0.7382699034372076,0.011932352826095853,5
75,2.9286797046661377,0.04376685434175595,0.01667618751525879,0.0022903775411251028,300,226,0.5,dart,"{'num_leaves': 300, 'max_depth': 226, 'learning_rate': 0.5, 'boosting_type': 'dart'}",0.7150802547587483,0.7249693340951262,0.7441349754409166,0.728061521431597,0.012061382324664046,26
76,0.2979551951090495,0.014465882300564366,0.006804227828979492,0.0002918260938928344,90,5,0.5,goss,"{'num_leaves': 90, 'max_depth': 5, 'learning_rate': 0.5, 'boosting_type': 'goss'}",0.5830264044035817,0.6122194506633047,0.6242132560545376,0.606486370373808,0.017296249004409882,71
77,3.2927558422088623,0.28207710135619796,0.03323880831400553,0.004389275872232967,230,78,0.11118888888888889,gbdt,"{'num_leaves': 230, 'max_depth': 78, 'learning_rate': 0.11118888888888889, 'boosting_type': 'gbdt'}",0.7204062598361329,0.7351107798159594,0.7514037909028982,0.7356402768516634,0.012660226653892215,6
78,0.7309456666310629,0.12307381798506405,0.010010560353597006,0.0010808918914691611,160,5,0.5,dart,"{'num_leaves': 160, 'max_depth': 5, 'learning_rate': 0.5, 'boosting_type': 'dart'}",0.7170674076816793,0.7286012291265483,0.7400725843873892,0.7285804070652055,0.009391835602760277,24
79,1.7902772426605225,0.301681436840098,0.014018535614013672,0.0014766196088409277,300,152,0.22227777777777777,goss,"{'num_leaves': 300, 'max_depth': 152, 'learning_rate': 0.22227777777777777, 'boosting_type': 'goss'}",0.6792769920972443,0.6943685465681835,0.7057135846244476,0.6931197077632918,0.01082875969760762,58
80,0.3944903214772542,0.08357927673311269,0.009728352228800455,0.0017764816082072215,160,5,0.33336666666666664,gbdt,"{'num_leaves': 160, 'max_depth': 5, 'learning_rate': 0.33336666666666664, 'boosting_type': 'gbdt'}",0.7078067640853423,0.7171324741356699,0.7420983656679705,0.7223458679629943,0.014476719038385159,32
81,0.3826724688212077,0.07251646160832292,0.008954366048177084,0.0018208405549707616,160,5,0.11118888888888889,goss,"{'num_leaves': 160, 'max_depth': 5, 'learning_rate': 0.11118888888888889, 'boosting_type': 'goss'}",0.7081227963010513,0.7161318587181948,0.7328648894450007,0.719039848154749,0.010308090518561927,39
82,0.9676512877146403,0.038534490328472525,0.011743863423665365,0.00032380024667666115,160,78,0.16673333333333332,goss,"{'num_leaves': 160, 'max_depth': 78, 'learning_rate': 0.16673333333333332, 'boosting_type': 'goss'}",0.6951487870608004,0.7091624310093956,0.7237104888873129,0.7093405689858363,0.011660946292665387,46
83,1.019356648127238,0.03985740894446292,0.012887318929036459,0.0012601118846431124,90,152,0.3889111111111111,gbdt,"{'num_leaves': 90, 'max_depth': 152, 'learning_rate': 0.3889111111111111, 'boosting_type': 'gbdt'}",0.6955557144083844,0.7044602195948633,0.7204606292771134,0.7068255210934536,0.010304034308272519,48
84,1.0183930397033691,0.08608402845991492,0.01111276944478353,0.00014863868247309928,90,152,0.5,gbdt,"{'num_leaves': 90, 'max_depth': 152, 'learning_rate': 0.5, 'boosting_type': 'gbdt'}",0.6732646689668327,0.6857727288826869,0.7008112765690648,0.6866162248061949,0.011261660967713107,60
85,1.0655278364817302,0.023632701820979082,0.017354170481363933,0.0022863638181649473,300,78,0.2778222222222222,goss,"{'num_leaves': 300, 'max_depth': 78, 'learning_rate': 0.2778222222222222, 'boosting_type': 'goss'}",0.641885613534461,0.6615616759136174,0.679523787473608,0.6609903589738955,0.015371029821335536,66
86,0.9793107509613037,0.034649320736268245,0.012217283248901367,0.000973565503582486,90,226,0.44445555555555555,gbdt,"{'num_leaves': 90, 'max_depth': 226, 'learning_rate': 0.44445555555555555, 'boosting_type': 'gbdt'}",0.6759213713050551,0.6903837815567243,0.7178263765734121,0.6947105098117304,0.017379064026959903,57
87,0.40415231386820477,0.01092339056086156,0.006854057312011719,0.0008642233146762188,230,5,0.33336666666666664,dart,"{'num_leaves': 230, 'max_depth': 5, 'learning_rate': 0.33336666666666664, 'boosting_type': 'dart'}",0.7139892132920411,0.7261962285138673,0.7388082800403221,0.7263312406154102,0.010132791315479277,29
88,0.30129233996073407,0.002569591446380173,0.007012764612833659,0.00032578281760334917,20,5,0.44445555555555555,goss,"{'num_leaves': 20, 'max_depth': 5, 'learning_rate': 0.44445555555555555, 'boosting_type': 'goss'}",0.6223595043423338,0.6339695147759727,0.6364522083008456,0.6309270758063841,0.006142388372520773,68
89,3.082688808441162,0.0500377501586691,0.00790874163309733,0.00019936548975763352,300,152,0.0001,dart,"{'num_leaves': 300, 'max_depth': 152, 'learning_rate': 0.0001, 'boosting_type': 'dart'}",-1.670039947178604,-1.630449511765626,-1.4994577536477505,-1.599982404197327,0.07289606605815857,95
90,4.567915121714274,0.7974276865314304,0.01641503969828288,0.000674019241927218,300,226,0.44445555555555555,dart,"{'num_leaves': 300, 'max_depth': 226, 'learning_rate': 0.44445555555555555, 'boosting_type': 'dart'}",0.7177806706754792,0.7262309173342799,0.7467077205748203,0.7302397695281932,0.012144867939565355,21
91,1.5130398273468018,0.11763555311979544,0.010013739267985025,0.0007028972841762182,90,152,0.22227777777777777,dart,"{'num_leaves': 90, 'max_depth': 152, 'learning_rate': 0.22227777777777777, 'boosting_type': 'dart'}",0.7245711464182689,0.7319889398452474,0.7444039624310055,0.733654682898174,0.00818193834766737,9
92,1.941601832707723,0.12547297257313578,0.012962261835734049,0.00041113620087008715,160,152,0.05564444444444445,gbdt,"{'num_leaves': 160, 'max_depth': 152, 'learning_rate': 0.05564444444444445, 'boosting_type': 'gbdt'}",0.7284870365364893,0.7385373115163549,0.7575270188926042,0.7415171223151494,0.012041306631987691,2
93,1.1110385258992512,0.013054568749898183,0.01076507568359375,0.00020104959164390826,160,78,0.05564444444444445,goss,"{'num_leaves': 160, 'max_depth': 78, 'learning_rate': 0.05564444444444445, 'boosting_type': 'goss'}",0.7248423492255677,0.7296894643112093,0.7443676582209795,0.7329664905859188,0.008301148464537101,12
94,0.43308528264363605,0.016140728794114503,0.007365862528483073,0.00030489714720773026,20,300,0.44445555555555555,dart,"{'num_leaves': 20, 'max_depth': 300, 'learning_rate': 0.44445555555555555, 'boosting_type': 'dart'}",0.7151635754378654,0.7366457955138321,0.7400344182802416,0.7306145964106463,0.011012757084074403,20
95,0.3913748264312744,0.007537880213519096,0.0078277587890625,0.000571872329937833,20,152,0.11118888888888889,goss,"{'num_leaves': 20, 'max_depth': 152, 'learning_rate': 0.11118888888888889, 'boosting_type': 'goss'}",0.7143150989033684,0.7158116346485446,0.733700025553568,0.7212755863684936,0.008806623325916117,35
96,1.012656847635905,0.007227307934128651,0.011531511942545572,0.0007972997795967339,300,226,0.44445555555555555,goss,"{'num_leaves': 300, 'max_depth': 226, 'learning_rate': 0.44445555555555555, 'boosting_type': 'goss'}",0.5287948828689706,0.5583609129209434,0.5501332715701779,0.5457630224533639,0.012459583761528021,79
97,1.1578380266825359,0.17362267254693547,0.011335372924804688,0.0006333455115679952,230,226,0.5,goss,"{'num_leaves': 230, 'max_depth': 226, 'learning_rate': 0.5, 'boosting_type': 'goss'}",0.43372191177346386,0.4549353981249221,0.47249269736276023,0.4537166690870487,0.01585154943328074,89
98,2.600799878438314,0.13526952833699954,0.017632563908894856,0.002293421619184124,230,78,0.05564444444444445,gbdt,"{'num_leaves': 230, 'max_depth': 78, 'learning_rate': 0.05564444444444445, 'boosting_type': 'gbdt'}",0.7264776422112662,0.7349266590362069,0.7547730037334517,0.738725768326975,0.011859786239506837,4
99,0.47241950035095215,0.021218606321058157,0.007593234380086263,0.0007243566691187139,90,5,0.16673333333333332,goss,"{'num_leaves': 90, 'max_depth': 5, 'learning_rate': 0.16673333333333332, 'boosting_type': 'goss'}",0.7059099963924362,0.708681199073096,0.7305262416633839,0.7150391457096387,0.011009314144084433,43
