,mean_fit_time,std_fit_time,mean_score_time,std_score_time,param_num_leaves,param_max_depth,param_learning_rate,param_boosting_type,params,split0_test_score,split1_test_score,split2_test_score,mean_test_score,std_test_score,rank_test_score
0,0.6270787715911865,0.04672093669755024,0.00678563117980957,0.0006567627412721751,90,152,0.5,goss,"{'num_leaves': 90, 'max_depth': 152, 'learning_rate': 0.5, 'boosting_type': 'goss'}",0.48705470369026627,0.4805561395023321,0.506215116234638,0.49127531980907885,0.010892075775658766,91
1,1.5461721420288086,0.035085409380194874,0.019965489705403645,0.0013392657331135962,230,152,0.2778222222222222,gbdt,"{'num_leaves': 230, 'max_depth': 152, 'learning_rate': 0.2778222222222222, 'boosting_type': 'gbdt'}",0.7578477958999336,0.7404484347224825,0.7503606366370865,0.749552289086501,0.007126219739700783,46
2,0.6825519402821859,0.02471665992881126,0.008077780405680338,0.00045000521366257457,90,78,0.3889111111111111,gbdt,"{'num_leaves': 90, 'max_depth': 78, 'learning_rate': 0.3889111111111111, 'boosting_type': 'gbdt'}",0.7500041098991639,0.7428152955859024,0.7420162270056517,0.7449452108302393,0.0035920256579595987,49
3,2.412236452102661,0.43728915944901786,0.009076515833536783,0.0005173519945475438,300,78,0.0001,goss,"{'num_leaves': 300, 'max_depth': 78, 'learning_rate': 0.0001, 'boosting_type': 'goss'}",0.014446734148535478,0.013528053372460214,0.01379602710861616,0.013923604876537285,0.0003857465983720096,92
4,2.6554207801818848,0.2774194648189177,0.02392689387003581,0.0017961783406802876,230,152,0.16673333333333332,gbdt,"{'num_leaves': 230, 'max_depth': 152, 'learning_rate': 0.16673333333333332, 'boosting_type': 'gbdt'}",0.7727741491882058,0.754703697583297,0.7676730317394778,0.7650502928369937,0.007606767811814698,19
5,0.41389942169189453,0.03883923805141313,0.007951736450195312,0.00054114326618025,20,152,0.16673333333333332,goss,"{'num_leaves': 20, 'max_depth': 152, 'learning_rate': 0.16673333333333332, 'boosting_type': 'goss'}",0.7644344693064631,0.7521950038014992,0.761609399765633,0.7594129576245318,0.005232551800744036,35
6,0.47569966316223145,0.037358070531724935,0.006783326466878255,0.0009352998960091434,20,78,0.2778222222222222,dart,"{'num_leaves': 20, 'max_depth': 78, 'learning_rate': 0.2778222222222222, 'boosting_type': 'dart'}",0.7683058924034525,0.7554870143463226,0.7663682610424698,0.7633870559307483,0.005641902551415754,24
7,0.4790306091308594,0.012478438878019233,0.005765755971272786,0.00042269735162465006,20,78,0.0001,dart,"{'num_leaves': 20, 'max_depth': 78, 'learning_rate': 0.0001, 'boosting_type': 'dart'}",-1.6222539807282375,-1.6386293948113724,-1.5285101326821988,-1.5964645027406028,0.048513818334741325,99
8,2.7560861905415854,0.041184014264775595,0.029569625854492188,8.823763923053159e-05,300,152,0.5,gbdt,"{'num_leaves': 300, 'max_depth': 152, 'learning_rate': 0.5, 'boosting_type': 'gbdt'}",0.7137624009345696,0.6945904993303083,0.7103135117962227,0.7062221373537002,0.008344457697680307,64
9,4.737056255340576,2.0274930294941638,0.027341604232788086,0.004340801897549226,300,78,0.11118888888888889,gbdt,"{'num_leaves': 300, 'max_depth': 78, 'learning_rate': 0.11118888888888889, 'boosting_type': 'gbdt'}",0.7729256755732328,0.7601455579459797,0.7683360543294856,0.7671357626162326,0.005286043056280934,16
10,1.1241973241170247,0.03915272204384285,0.011140823364257812,0.0004300506802175858,230,152,0.11118888888888889,goss,"{'num_leaves': 230, 'max_depth': 152, 'learning_rate': 0.11118888888888889, 'boosting_type': 'goss'}",0.7709561170497047,0.7564728139925925,0.7635483693943188,0.7636591001455386,0.005913302113906027,23
11,0.39569886525472003,0.010876667832849825,0.008413553237915039,0.0008702733406803903,20,300,0.05564444444444445,gbdt,"{'num_leaves': 20, 'max_depth': 300, 'learning_rate': 0.05564444444444445, 'boosting_type': 'gbdt'}",0.757295117321388,0.7450849649359716,0.7578636913167073,0.7534145911913557,0.005894507288587971,41
12,0.9292174975077311,0.02469467951091085,0.011704126993815104,2.891611017583053e-05,160,152,0.44445555555555555,goss,"{'num_leaves': 160, 'max_depth': 152, 'learning_rate': 0.44445555555555555, 'boosting_type': 'goss'}",0.5820676416120967,0.5579469784974521,0.5962322398911897,0.5787489533335796,0.015805074689566816,81
13,0.3334752718607585,0.03578524636126683,0.007128556569417317,0.000861583089261594,300,5,0.5,goss,"{'num_leaves': 300, 'max_depth': 5, 'learning_rate': 0.5, 'boosting_type': 'goss'}",0.6367029501024427,0.6254607643339856,0.6395523107303833,0.6339053417222705,0.006083468278707734,72
14,2.850996494293213,0.2218005976348281,0.02796037991841634,0.0007745611721645533,300,300,0.44445555555555555,gbdt,"{'num_leaves': 300, 'max_depth': 300, 'learning_rate': 0.44445555555555555, 'boosting_type': 'gbdt'}",0.7225163742985847,0.7159489025222794,0.7159357428784061,0.7181336732330901,0.0030990423000418154,61
15,1.6724700927734375,0.00998430762997504,0.018748362859090168,0.0011726241158596716,160,226,0.11118888888888889,gbdt,"{'num_leaves': 160, 'max_depth': 226, 'learning_rate': 0.11118888888888889, 'boosting_type': 'gbdt'}",0.778474653194788,0.7641474492312245,0.7741763386646288,0.7722661470302138,0.0060029891117414575,6
16,1.011642058690389,0.05192779048853478,0.01123809814453125,0.00041262870511922034,160,152,0.16673333333333332,goss,"{'num_leaves': 160, 'max_depth': 152, 'learning_rate': 0.16673333333333332, 'boosting_type': 'goss'}",0.7511642630992825,0.7376518367625895,0.7525491236689769,0.7471217411769496,0.006720058378328353,47
17,0.9507805506388346,0.062203080481587056,0.012316703796386719,0.0009549440236482004,90,226,0.11118888888888889,goss,"{'num_leaves': 90, 'max_depth': 226, 'learning_rate': 0.11118888888888889, 'boosting_type': 'goss'}",0.7657034277701966,0.7592663144672673,0.7590773008035765,0.7613490143470134,0.003080002027733486,29
18,0.9710969924926758,0.025679789966142588,0.012839396794637045,0.0019409580461859388,300,300,0.3889111111111111,goss,"{'num_leaves': 300, 'max_depth': 300, 'learning_rate': 0.3889111111111111, 'boosting_type': 'goss'}",0.6312756814276594,0.614775913215871,0.6358959779989157,0.6273158575474821,0.009065481711103164,74
19,2.5359133879343667,0.047021429615720575,0.007309277852376302,0.00025321073306009377,230,226,0.0001,dart,"{'num_leaves': 230, 'max_depth': 226, 'learning_rate': 0.0001, 'boosting_type': 'dart'}",-1.6216538859237977,-1.638014954076131,-1.52786005455834,-1.5958429648527563,0.04853300050374869,96
20,0.436099370320638,0.008012617838733157,0.007179975509643555,0.001483574699924352,20,152,0.2778222222222222,dart,"{'num_leaves': 20, 'max_depth': 152, 'learning_rate': 0.2778222222222222, 'boosting_type': 'dart'}",0.7683058924034525,0.7554870143463226,0.7663682610424698,0.7633870559307483,0.005641902551415754,24
21,0.9817609786987305,0.01884805272870954,0.011911630630493164,0.0025037055731275447,300,152,0.44445555555555555,goss,"{'num_leaves': 300, 'max_depth': 152, 'learning_rate': 0.44445555555555555, 'boosting_type': 'goss'}",0.5884856338515435,0.5708358421824531,0.5965095836981137,0.5852770199107034,0.010724012104284279,79
22,0.992518424987793,0.0433402708259305,0.01073614756266276,0.00040523310132082555,300,226,0.5,goss,"{'num_leaves': 300, 'max_depth': 226, 'learning_rate': 0.5, 'boosting_type': 'goss'}",0.5556926458426142,0.52552096323582,0.5412211519074843,0.5408115869953062,0.012320941938944127,86
23,0.2839016119639079,0.01577788850059429,0.0066327253977457685,0.0007077890274373997,20,5,0.5,goss,"{'num_leaves': 20, 'max_depth': 5, 'learning_rate': 0.5, 'boosting_type': 'goss'}",0.6376770017101578,0.6238409407067447,0.6499421158547519,0.6371533527572182,0.010662191525703458,71
24,0.9918727874755859,0.03814264532668335,0.011682907740275065,0.0017976752151050925,230,152,0.5,goss,"{'num_leaves': 230, 'max_depth': 152, 'learning_rate': 0.5, 'boosting_type': 'goss'}",0.521151310137859,0.485569211279386,0.5458039097124345,0.5175081437098932,0.024725280181040987,89
25,1.1821624437967937,0.03864415224563961,0.01120448112487793,0.0011071990591223003,230,78,0.05564444444444445,goss,"{'num_leaves': 230, 'max_depth': 78, 'learning_rate': 0.05564444444444445, 'boosting_type': 'goss'}",0.7700445327693092,0.7615874669131437,0.7716781493059709,0.7677700496628078,0.004422323886792838,12
26,2.54037078221639,0.0065172426735945815,0.01235636075337728,0.0015299478352585032,230,78,0.22227777777777777,dart,"{'num_leaves': 230, 'max_depth': 78, 'learning_rate': 0.22227777777777777, 'boosting_type': 'dart'}",0.7669790465989758,0.7536677080263721,0.7627035014954829,0.761116752040277,0.005548949691837738,30
27,2.3088772296905518,0.16974155531970123,0.026519219080607098,0.0007120300867291657,230,226,0.5,gbdt,"{'num_leaves': 230, 'max_depth': 226, 'learning_rate': 0.5, 'boosting_type': 'gbdt'}",0.7152480981364171,0.7009355117993983,0.707761993760196,0.7079818678986705,0.005845156991973888,63
28,0.5547583897908529,0.0472590067468831,0.009146849314371744,0.0021784084368882913,20,78,0.44445555555555555,gbdt,"{'num_leaves': 20, 'max_depth': 78, 'learning_rate': 0.44445555555555555, 'boosting_type': 'gbdt'}",0.7519663585584255,0.7364605238946513,0.7606013213320483,0.749676067928375,0.009987612280751608,45
29,0.5710149606068929,0.06956078130267118,0.007608254750569661,0.0010616816240951764,160,5,0.05564444444444445,dart,"{'num_leaves': 160, 'max_depth': 5, 'learning_rate': 0.05564444444444445, 'boosting_type': 'dart'}",0.5591385947162851,0.5392009738501339,0.5515214444115518,0.5499536709926569,0.008214646130351262,84
30,0.5718221664428711,0.055829797160100565,0.011664470036824545,0.0025999786897737296,20,152,0.05564444444444445,gbdt,"{'num_leaves': 20, 'max_depth': 152, 'learning_rate': 0.05564444444444445, 'boosting_type': 'gbdt'}",0.757295117321388,0.7450849649359716,0.7578636913167073,0.7534145911913557,0.005894507288587971,41
31,2.199397246042887,0.40793640895715993,0.007377068201700847,0.0006821698540098459,160,78,0.0001,goss,"{'num_leaves': 160, 'max_depth': 78, 'learning_rate': 0.0001, 'boosting_type': 'goss'}",0.014242572045096824,0.013390738647174771,0.013614929564858769,0.013749413419043455,0.00036052689657512237,93
32,1.154239257176717,0.043473256072480475,0.011718114217122396,0.0014965836529827112,90,300,0.05564444444444445,gbdt,"{'num_leaves': 90, 'max_depth': 300, 'learning_rate': 0.05564444444444445, 'boosting_type': 'gbdt'}",0.7831435610617343,0.76582716932565,0.779567753296684,0.7761794945613562,0.007464340945791399,1
33,0.9783433278401693,0.013803402242605775,0.011193116505940756,0.0004030975632053975,90,78,0.2778222222222222,gbdt,"{'num_leaves': 90, 'max_depth': 78, 'learning_rate': 0.2778222222222222, 'boosting_type': 'gbdt'}",0.7722131512516772,0.7543309668696913,0.7561793729903935,0.7609078303705874,0.008029606111761971,31
34,3.2463344732920327,0.2931601455078506,0.013811349868774414,0.0014452281109851785,300,78,0.11118888888888889,dart,"{'num_leaves': 300, 'max_depth': 78, 'learning_rate': 0.11118888888888889, 'boosting_type': 'dart'}",0.7347339517675529,0.716879437540564,0.7252441920812538,0.7256191937964568,0.007293896502567077,59
35,0.39636675516764325,0.018260353402241438,0.008122603098551432,0.0009640086905930265,300,5,0.5,dart,"{'num_leaves': 300, 'max_depth': 5, 'learning_rate': 0.5, 'boosting_type': 'dart'}",0.7776015934980967,0.760758894144986,0.7721121971907707,0.7701575616112845,0.0070135383633495516,7
36,0.311620553334554,0.0245598847763389,0.0071259339650472,0.0008134422726853679,300,5,0.33336666666666664,goss,"{'num_leaves': 300, 'max_depth': 5, 'learning_rate': 0.33336666666666664, 'boosting_type': 'goss'}",0.7085454375575915,0.719673897484483,0.7163816807903973,0.7148670052774907,0.004667714395587123,62
37,0.3755863507588704,0.019097232348404932,0.007799386978149414,0.00047684554251611194,20,300,0.11118888888888889,goss,"{'num_leaves': 20, 'max_depth': 300, 'learning_rate': 0.11118888888888889, 'boosting_type': 'goss'}",0.764504666390273,0.7583062329827013,0.7595451050418714,0.7607853348049486,0.0026781550335933614,32
38,1.9546668529510498,0.03258493658960522,0.010208527247111002,0.00035131630010350553,160,152,0.11118888888888889,dart,"{'num_leaves': 160, 'max_depth': 152, 'learning_rate': 0.11118888888888889, 'boosting_type': 'dart'}",0.7365263806048983,0.7187307325566556,0.7279351080544982,0.7277307404053507,0.007266479980762991,57
39,1.2718151410420735,0.04770449308778816,0.006346066792805989,0.0002808907038429256,90,78,0.0001,goss,"{'num_leaves': 90, 'max_depth': 78, 'learning_rate': 0.0001, 'boosting_type': 'goss'}",0.013840728850853079,0.01307093045803609,0.013245025242450081,0.013385561517113084,0.000329606052501084,94
40,1.0091678301493328,0.16587720838337486,0.011049350102742514,0.0009692754653251857,90,300,0.3889111111111111,goss,"{'num_leaves': 90, 'max_depth': 300, 'learning_rate': 0.3889111111111111, 'boosting_type': 'goss'}",0.6151459632197367,0.6174348125809446,0.627050684157745,0.6198771533194755,0.005157800976209337,76
41,1.3540497620900471,0.16122274663572211,0.013037363688151041,0.0012994555696085562,300,78,0.11118888888888889,goss,"{'num_leaves': 300, 'max_depth': 78, 'learning_rate': 0.11118888888888889, 'boosting_type': 'goss'}",0.7686527712207885,0.7506148676429106,0.7673442277953355,0.7622039555530115,0.008212116674569319,26
42,2.475925842920939,0.5917212307204155,0.02571415901184082,0.008989856084057632,160,152,0.3889111111111111,gbdt,"{'num_leaves': 160, 'max_depth': 152, 'learning_rate': 0.3889111111111111, 'boosting_type': 'gbdt'}",0.7374520753969591,0.7180127433486636,0.733943711891933,0.7298028435458518,0.008458999177036425,55
43,0.3740796248118083,0.00728094457288141,0.007428407669067383,0.0005421749973297208,20,152,0.11118888888888889,gbdt,"{'num_leaves': 20, 'max_depth': 152, 'learning_rate': 0.11118888888888889, 'boosting_type': 'gbdt'}",0.7763687289988204,0.7641652579449001,0.7800659233893199,0.7735333034443469,0.006793993374055397,5
44,0.9675238132476807,0.06263215721347926,0.014992396036783854,0.0024955431880455035,90,152,0.44445555555555555,goss,"{'num_leaves': 90, 'max_depth': 152, 'learning_rate': 0.44445555555555555, 'boosting_type': 'goss'}",0.5992279972021864,0.5444539538656892,0.5761644658538856,0.5732821389739203,0.022454098542572694,82
45,3.021568218866984,0.5966153315730176,0.012420415878295898,0.0013787985478105034,160,152,0.05564444444444445,dart,"{'num_leaves': 160, 'max_depth': 152, 'learning_rate': 0.05564444444444445, 'boosting_type': 'dart'}",0.6074585097800321,0.5851192585050446,0.597212222219213,0.59659666350143,0.00913034213608802,78
46,3.182337840398153,0.2185275799360513,0.012907663981119791,0.0013322373996173117,300,152,0.05564444444444445,dart,"{'num_leaves': 300, 'max_depth': 152, 'learning_rate': 0.05564444444444445, 'boosting_type': 'dart'}",0.6095655459705467,0.5869107188094518,0.600005007119954,0.5988270906333174,0.009286223267539515,77
47,3.3255410194396973,0.1098822970231319,0.01693248748779297,0.0015622420406731104,300,78,0.44445555555555555,dart,"{'num_leaves': 300, 'max_depth': 78, 'learning_rate': 0.44445555555555555, 'boosting_type': 'dart'}",0.7655141280193907,0.7574464337507141,0.7625410268209081,0.7618338628636709,0.0033313644201758887,27
48,0.3116733233133952,0.010542421888813911,0.00739900271097819,0.0010357741373585598,230,5,0.3889111111111111,goss,"{'num_leaves': 230, 'max_depth': 5, 'learning_rate': 0.3889111111111111, 'boosting_type': 'goss'}",0.7032045720909379,0.6993832156035369,0.6968429209488649,0.6998102362144465,0.0026146269670153576,67
49,0.9176530043284098,0.01895558813580179,0.010755062103271484,0.0006930842720535079,90,226,0.33336666666666664,goss,"{'num_leaves': 90, 'max_depth': 226, 'learning_rate': 0.33336666666666664, 'boosting_type': 'goss'}",0.6527525273835233,0.6542301821856956,0.6666826314272709,0.65788844699883,0.006247619586673042,70
50,1.296385367711385,0.027650628307339754,0.0086061159769694,0.0002600567401878478,90,226,0.16673333333333332,dart,"{'num_leaves': 90, 'max_depth': 226, 'learning_rate': 0.16673333333333332, 'boosting_type': 'dart'}",0.7647452285560201,0.7471516026127537,0.7599634361086026,0.7572867557591255,0.007427757926761481,38
51,0.48087326685587567,0.03387609356443962,0.0060956478118896484,0.0006813689596836667,300,5,0.0001,dart,"{'num_leaves': 300, 'max_depth': 5, 'learning_rate': 0.0001, 'boosting_type': 'dart'}",-1.622147148334768,-1.6385433130161298,-1.5284033961816128,-1.5963646191775034,0.048519785843079685,97
52,1.0783817768096924,0.028235445943040366,0.011707623799641928,0.0007280225819078516,230,226,0.2778222222222222,goss,"{'num_leaves': 230, 'max_depth': 226, 'learning_rate': 0.2778222222222222, 'boosting_type': 'goss'}",0.7092863717214484,0.6949378863005451,0.7112509541310403,0.7051584040510113,0.0072713654530042315,65
53,0.4420773188273112,0.005696447394064455,0.006413777669270833,0.0005059084324035282,230,5,0.05564444444444445,dart,"{'num_leaves': 230, 'max_depth': 5, 'learning_rate': 0.05564444444444445, 'boosting_type': 'dart'}",0.5591385947162851,0.5392009738501339,0.5515214444115518,0.5499536709926569,0.008214646130351262,84
54,0.925635019938151,0.020978124217037687,0.01058506965637207,0.0006536945279973221,90,300,0.44445555555555555,goss,"{'num_leaves': 90, 'max_depth': 300, 'learning_rate': 0.44445555555555555, 'boosting_type': 'goss'}",0.5992279972021864,0.5444539538656892,0.5761644658538856,0.5732821389739203,0.022454098542572694,82
55,0.49001677831013996,0.05990589393872529,0.008570194244384766,0.0006276535925258526,20,78,0.05564444444444445,gbdt,"{'num_leaves': 20, 'max_depth': 78, 'learning_rate': 0.05564444444444445, 'boosting_type': 'gbdt'}",0.757295117321388,0.7450849649359716,0.7578636913167073,0.7534145911913557,0.005894507288587971,41
56,0.4943374792734782,0.0414405748217886,0.0063199202219645185,0.0013314204052407449,160,5,0.0001,dart,"{'num_leaves': 160, 'max_depth': 5, 'learning_rate': 0.0001, 'boosting_type': 'dart'}",-1.622147148334768,-1.6385433130161298,-1.5284033961816128,-1.5963646191775034,0.048519785843079685,97
57,1.0824906826019287,0.04905272272068477,0.012814601262410482,0.001942323496989237,300,300,0.5,goss,"{'num_leaves': 300, 'max_depth': 300, 'learning_rate': 0.5, 'boosting_type': 'goss'}",0.5556926458426142,0.52552096323582,0.5412211519074843,0.5408115869953062,0.012320941938944127,86
58,1.1482322216033936,0.031757367647085345,0.011622269948323568,0.00044768086835957375,230,300,0.22227777777777777,goss,"{'num_leaves': 230, 'max_depth': 300, 'learning_rate': 0.22227777777777777, 'boosting_type': 'goss'}",0.7376581869103004,0.7180520495042018,0.7260079399915284,0.7272393921353434,0.008051397882090004,58
59,0.3549180825551351,0.046594870109141553,0.007971684137980143,0.00038656964873976765,90,5,0.16673333333333332,gbdt,"{'num_leaves': 90, 'max_depth': 5, 'learning_rate': 0.16673333333333332, 'boosting_type': 'gbdt'}",0.7734249973255272,0.7667096016494024,0.7811645161378604,0.7737663717042634,0.005906129051925728,4
60,0.7039573987325033,0.10309935135095409,0.00575868288675944,0.00017661011700685053,20,152,0.0001,dart,"{'num_leaves': 20, 'max_depth': 152, 'learning_rate': 0.0001, 'boosting_type': 'dart'}",-1.6222539807282375,-1.6386293948113724,-1.5285101326821988,-1.5964645027406028,0.048513818334741325,99
61,1.4118181069691975,0.3595741776341433,0.013352711995442709,0.002476315167104037,300,78,0.3889111111111111,goss,"{'num_leaves': 300, 'max_depth': 78, 'learning_rate': 0.3889111111111111, 'boosting_type': 'goss'}",0.6312756814276594,0.614775913215871,0.6358959779989157,0.6273158575474821,0.009065481711103164,74
62,2.8099555174509683,0.46181253887683277,0.015953779220581055,0.001843715768313264,160,78,0.2778222222222222,dart,"{'num_leaves': 160, 'max_depth': 78, 'learning_rate': 0.2778222222222222, 'boosting_type': 'dart'}",0.7723659268473282,0.758823247458463,0.7707463027841934,0.7673118256966616,0.006038640349503901,15
63,4.0764695803324384,1.4591689656736413,0.012653668721516928,0.0007572132117018801,300,152,0.22227777777777777,dart,"{'num_leaves': 300, 'max_depth': 152, 'learning_rate': 0.22227777777777777, 'boosting_type': 'dart'}",0.7655145734835418,0.7506809565805176,0.7655611893289054,0.7605855731309883,0.007003647383954203,34
64,0.43541638056437176,0.006778524730104805,0.006680885950724284,0.0004049174099947216,20,300,0.22227777777777777,dart,"{'num_leaves': 20, 'max_depth': 300, 'learning_rate': 0.22227777777777777, 'boosting_type': 'dart'}",0.7586684022570471,0.7443775359021712,0.7548778963928999,0.7526412781840394,0.006044780726786064,44
65,0.9821449120839437,0.0325132056009576,0.011560678482055664,0.0008505294903420541,160,226,0.33336666666666664,goss,"{'num_leaves': 160, 'max_depth': 226, 'learning_rate': 0.33336666666666664, 'boosting_type': 'goss'}",0.6735916803315734,0.6586897887532243,0.6679963838305367,0.6667592843051114,0.006146240291434186,69
66,1.2835801442464192,0.018785108266007242,0.012163400650024414,0.003195749975750672,90,300,0.16673333333333332,dart,"{'num_leaves': 90, 'max_depth': 300, 'learning_rate': 0.16673333333333332, 'boosting_type': 'dart'}",0.7647452285560201,0.7471516026127537,0.7599634361086026,0.7572867557591255,0.007427757926761481,38
67,2.38394832611084,0.4106660211877322,0.012378692626953125,0.0019698091158448132,160,226,0.22227777777777777,dart,"{'num_leaves': 160, 'max_depth': 226, 'learning_rate': 0.22227777777777777, 'boosting_type': 'dart'}",0.7716461607809304,0.7557400878096643,0.7666345361517114,0.764673594914102,0.006640017933953108,22
68,1.1463057200113933,0.0315275035866398,0.011708577473958334,6.109669599595709e-05,160,300,0.05564444444444445,goss,"{'num_leaves': 160, 'max_depth': 300, 'learning_rate': 0.05564444444444445, 'boosting_type': 'goss'}",0.7731066759008823,0.7614992595274235,0.7674230606365677,0.7673429986882913,0.004739046047000146,13
69,0.2965556780497233,0.017118138698825697,0.0076291561126708984,0.001285885728051564,90,5,0.33336666666666664,gbdt,"{'num_leaves': 90, 'max_depth': 5, 'learning_rate': 0.33336666666666664, 'boosting_type': 'gbdt'}",0.7632015295809272,0.7584589239963144,0.7732903701579448,0.7649836079117289,0.006184647723418006,20
70,3.353099743525187,0.05611883757364864,0.027464628219604492,0.001170929543503158,230,152,0.33336666666666664,gbdt,"{'num_leaves': 230, 'max_depth': 152, 'learning_rate': 0.33336666666666664, 'boosting_type': 'gbdt'}",0.7463311820872442,0.7248101258811724,0.7397345743613511,0.736958627443256,0.009002532089187915,51
71,0.4734644889831543,0.020189254516819286,0.006801207860310872,0.0004643569881236367,20,300,0.16673333333333332,dart,"{'num_leaves': 20, 'max_depth': 300, 'learning_rate': 0.16673333333333332, 'boosting_type': 'dart'}",0.7426652375214962,0.7280058515931582,0.7384015986239263,0.7363575625795269,0.006156728647698711,52
72,1.6967881520589192,0.08923710328119767,0.02068638801574707,0.0033238822006525764,160,300,0.3889111111111111,gbdt,"{'num_leaves': 160, 'max_depth': 300, 'learning_rate': 0.3889111111111111, 'boosting_type': 'gbdt'}",0.7374520753969591,0.7180127433486636,0.733943711891933,0.7298028435458518,0.008458999177036425,55
73,1.015239953994751,0.0182942612202562,0.012001355489095053,0.0021797126949252956,300,152,0.5,goss,"{'num_leaves': 300, 'max_depth': 152, 'learning_rate': 0.5, 'boosting_type': 'goss'}",0.5556926458426142,0.52552096323582,0.5412211519074843,0.5408115869953062,0.012320941938944127,86
74,1.9490683873494465,0.0038802558746192295,0.011209726333618164,0.0006431771776009824,160,300,0.33336666666666664,dart,"{'num_leaves': 160, 'max_depth': 300, 'learning_rate': 0.33336666666666664, 'boosting_type': 'dart'}",0.7711488965574841,0.7625769188998538,0.7719356669519073,0.7685538274697484,0.004238500438680707,10
75,3.67495067914327,0.43710372259367236,0.017132918039957683,0.0017674111085777282,300,226,0.5,dart,"{'num_leaves': 300, 'max_depth': 226, 'learning_rate': 0.5, 'boosting_type': 'dart'}",0.7621124429374305,0.7503266239633332,0.7620918811594065,0.7581769826867234,0.0055510482350099605,36
76,0.32545653978983563,0.0045405756075636095,0.007334788640340169,0.0006711550710926415,90,5,0.5,goss,"{'num_leaves': 90, 'max_depth': 5, 'learning_rate': 0.5, 'boosting_type': 'goss'}",0.6367029501024427,0.6254607643339856,0.6395523107303833,0.6339053417222705,0.006083468278707734,72
77,2.3735002676645913,0.09510685484133242,0.024328231811523438,0.004067562261253497,230,78,0.11118888888888889,gbdt,"{'num_leaves': 230, 'max_depth': 78, 'learning_rate': 0.11118888888888889, 'boosting_type': 'gbdt'}",0.7708884730720268,0.7589415892437881,0.7715570036050747,0.7671290219736298,0.005795818854868155,17
78,0.4521590868631999,0.010211044107112302,0.00805958112080892,0.0017560387784084576,160,5,0.5,dart,"{'num_leaves': 160, 'max_depth': 5, 'learning_rate': 0.5, 'boosting_type': 'dart'}",0.7776015934980967,0.760758894144986,0.7721121971907707,0.7701575616112845,0.0070135383633495516,7
79,1.511211633682251,0.3131239123153094,0.015452305475870768,0.0030360582361460423,300,152,0.22227777777777777,goss,"{'num_leaves': 300, 'max_depth': 152, 'learning_rate': 0.22227777777777777, 'boosting_type': 'goss'}",0.7331365186474041,0.723238770177189,0.7333567905407621,0.7299106931217851,0.004718618919466571,54
80,0.5578428109486898,0.06390797924847114,0.0096739133199056,0.002878539138131928,160,5,0.33336666666666664,gbdt,"{'num_leaves': 160, 'max_depth': 5, 'learning_rate': 0.33336666666666664, 'boosting_type': 'gbdt'}",0.7632015295809272,0.7584589239963144,0.7732903701579448,0.7649836079117289,0.006184647723418006,20
81,0.3453071117401123,0.027099382106167927,0.008808612823486328,0.0023633388101525687,160,5,0.11118888888888889,goss,"{'num_leaves': 160, 'max_depth': 5, 'learning_rate': 0.11118888888888889, 'boosting_type': 'goss'}",0.7575546464310939,0.7560470822896077,0.7597427021086842,0.7577814769431286,0.0015172322438528685,37
82,1.0497660636901855,0.04570766676837517,0.012805541356404623,0.0005475181603965671,160,78,0.16673333333333332,goss,"{'num_leaves': 160, 'max_depth': 78, 'learning_rate': 0.16673333333333332, 'boosting_type': 'goss'}",0.7511642630992825,0.7376518367625895,0.7525491236689769,0.7471217411769496,0.006720058378328353,47
83,1.0023300647735596,0.013325168864980724,0.011284192403157553,0.0003017204048201013,90,152,0.3889111111111111,gbdt,"{'num_leaves': 90, 'max_depth': 152, 'learning_rate': 0.3889111111111111, 'boosting_type': 'gbdt'}",0.7500041098991639,0.7428152955859024,0.7420162270056517,0.7449452108302393,0.0035920256579595987,49
84,1.0205481847127278,0.04485934501457594,0.011340061823527018,0.00047041527692273633,90,152,0.5,gbdt,"{'num_leaves': 90, 'max_depth': 152, 'learning_rate': 0.5, 'boosting_type': 'gbdt'}",0.7211046182882399,0.7144572818900851,0.7249038191379128,0.7201552397720793,0.004317292731390327,60
85,1.0813182989756267,0.030778385648319143,0.01203306516011556,0.001126916586731733,300,78,0.2778222222222222,goss,"{'num_leaves': 300, 'max_depth': 78, 'learning_rate': 0.2778222222222222, 'boosting_type': 'goss'}",0.7153346294279579,0.6906894977643434,0.7080246755904129,0.7046829342609048,0.010335087647241014,66
86,1.0157471497853596,0.0190918058567162,0.011497100194295248,0.00036044580618684323,90,226,0.44445555555555555,gbdt,"{'num_leaves': 90, 'max_depth': 226, 'learning_rate': 0.44445555555555555, 'boosting_type': 'gbdt'}",0.7351827110772874,0.7259375784295847,0.735630487683795,0.7322502590635557,0.004467480913014111,53
87,0.4076419671376546,0.014471324918598103,0.007001399993896484,0.0002746336427056552,230,5,0.33336666666666664,dart,"{'num_leaves': 230, 'max_depth': 5, 'learning_rate': 0.33336666666666664, 'boosting_type': 'dart'}",0.7753858198063247,0.7564330415500513,0.7665025738396087,0.7661071450653282,0.007742489859836827,18
88,0.30213109652201336,0.019949821767418413,0.007689714431762695,0.000865321130796164,20,5,0.44445555555555555,goss,"{'num_leaves': 20, 'max_depth': 5, 'learning_rate': 0.44445555555555555, 'boosting_type': 'goss'}",0.6703246690667921,0.6637052789091302,0.6847745002043042,0.6729348160600755,0.008797259876088799,68
89,3.0181060632069907,0.08201577282900839,0.007812341054280599,0.0001308004007661936,300,152,0.0001,dart,"{'num_leaves': 300, 'max_depth': 152, 'learning_rate': 0.0001, 'boosting_type': 'dart'}",-1.6216258070034653,-1.637999610756125,-1.5278489354432296,-1.5958247844009399,0.048528770802990256,95
90,3.28946844736735,0.260150237467877,0.014770984649658203,0.0003062853906229784,300,226,0.44445555555555555,dart,"{'num_leaves': 300, 'max_depth': 226, 'learning_rate': 0.44445555555555555, 'boosting_type': 'dart'}",0.7655141280193907,0.7574464337507141,0.7625410268209081,0.7618338628636709,0.0033313644201758887,27
91,1.2771836121877034,0.022076220794730515,0.009346485137939453,0.000468060830072416,90,152,0.22227777777777777,dart,"{'num_leaves': 90, 'max_depth': 152, 'learning_rate': 0.22227777777777777, 'boosting_type': 'dart'}",0.7741967127887206,0.7588645743021598,0.7713225841109497,0.7681279570672768,0.006654464621785623,11
92,1.8693390687306721,0.05422658621484892,0.013858954111735025,0.0002369792993323363,160,152,0.05564444444444445,gbdt,"{'num_leaves': 160, 'max_depth': 152, 'learning_rate': 0.05564444444444445, 'boosting_type': 'gbdt'}",0.7824229087689867,0.7659574979735326,0.775833487232996,0.7747379646585051,0.00676646463323244,2
93,1.1418671607971191,0.04281033392087007,0.012529293696085611,0.0010663916301644112,160,78,0.05564444444444445,goss,"{'num_leaves': 160, 'max_depth': 78, 'learning_rate': 0.05564444444444445, 'boosting_type': 'goss'}",0.7731066759008823,0.7614992595274235,0.7674230606365677,0.7673429986882913,0.004739046047000146,13
94,0.42974146207173664,0.008887162421795332,0.007023413976033528,0.00013671544916077136,20,300,0.44445555555555555,dart,"{'num_leaves': 20, 'max_depth': 300, 'learning_rate': 0.44445555555555555, 'boosting_type': 'dart'}",0.7746414447307459,0.7720931534614165,0.7772479811271956,0.7746608597731193,0.002104494361103278,3
95,0.40976476669311523,0.02214891951638361,0.008222659428914389,0.00025200820001747114,20,152,0.11118888888888889,goss,"{'num_leaves': 20, 'max_depth': 152, 'learning_rate': 0.11118888888888889, 'boosting_type': 'goss'}",0.764504666390273,0.7583062329827013,0.7595451050418714,0.7607853348049486,0.0026781550335933614,32
96,1.0188384056091309,0.013334200382084669,0.014157613118489584,0.0038533487021821912,300,226,0.44445555555555555,goss,"{'num_leaves': 300, 'max_depth': 226, 'learning_rate': 0.44445555555555555, 'boosting_type': 'goss'}",0.5884856338515435,0.5708358421824531,0.5965095836981137,0.5852770199107034,0.010724012104284279,79
97,1.0178245703379314,0.008658658257391512,0.011557737986246744,5.3698841550278593e-05,230,226,0.5,goss,"{'num_leaves': 230, 'max_depth': 226, 'learning_rate': 0.5, 'boosting_type': 'goss'}",0.521151310137859,0.485569211279386,0.5458039097124345,0.5175081437098932,0.024725280181040987,89
98,2.397695620854696,0.035675369276716724,0.017534812291463215,0.0013589359064182657,230,78,0.05564444444444445,gbdt,"{'num_leaves': 230, 'max_depth': 78, 'learning_rate': 0.05564444444444445, 'boosting_type': 'gbdt'}",0.7767333550172643,0.7605293957738882,0.7729837076867749,0.7700821528259758,0.006926102282809967,9
99,0.3018913269042969,0.014417475434113465,0.0068013668060302734,0.0005049335519013898,90,5,0.16673333333333332,goss,"{'num_leaves': 90, 'max_depth': 5, 'learning_rate': 0.16673333333333332, 'boosting_type': 'goss'}",0.7503894203086658,0.7503946251581881,0.7610774513525902,0.7539538322731479,0.005037159805840242,40
