,mean_fit_time,std_fit_time,mean_score_time,std_score_time,param_num_leaves,param_max_depth,param_learning_rate,param_boosting_type,params,split0_test_score,split1_test_score,split2_test_score,mean_test_score,std_test_score,rank_test_score
0,0.6122696399688721,0.019103007366095253,0.0077508290608723955,0.0010327024970053676,90,152,0.5,goss,"{'num_leaves': 90, 'max_depth': 152, 'learning_rate': 0.5, 'boosting_type': 'goss'}",0.48123190443245223,0.4811207514234632,0.43252715637959205,0.46495993741183583,0.022933484294977304,91
1,1.7654894987742107,0.29217072553870904,0.019901355107625324,0.0048103587856664605,230,152,0.2778222222222222,gbdt,"{'num_leaves': 230, 'max_depth': 152, 'learning_rate': 0.2778222222222222, 'boosting_type': 'gbdt'}",0.7501493943056561,0.7350476225237763,0.7168298430271075,0.7340089532855133,0.013622463059002764,46
2,1.1746553579966228,0.04004824274557023,0.013409694035847982,0.001174355622842272,90,78,0.3889111111111111,gbdt,"{'num_leaves': 90, 'max_depth': 78, 'learning_rate': 0.3889111111111111, 'boosting_type': 'gbdt'}",0.7404506071060979,0.7174877453748029,0.7148609133329122,0.7242664219379377,0.011494083951089763,54
3,3.4939767519632974,0.25123949020523517,0.009760856628417969,0.0012264733882233665,300,78,0.0001,goss,"{'num_leaves': 300, 'max_depth': 78, 'learning_rate': 0.0001, 'boosting_type': 'goss'}",0.013640700198965572,0.01386264206344845,0.013445538429466719,0.01364962689729358,0.00017039879660660898,92
4,2.965787967046102,0.09442379492915068,0.023305257161458332,0.0016930583515999068,230,152,0.16673333333333332,gbdt,"{'num_leaves': 230, 'max_depth': 152, 'learning_rate': 0.16673333333333332, 'boosting_type': 'gbdt'}",0.7657474254784814,0.7483279831543821,0.7316604616356661,0.7485786234228433,0.013917073241489627,29
5,0.4168283939361572,0.053692756532697915,0.009045998255411783,0.0013780215660399147,20,152,0.16673333333333332,goss,"{'num_leaves': 20, 'max_depth': 152, 'learning_rate': 0.16673333333333332, 'boosting_type': 'goss'}",0.7567012368020467,0.7338246648369192,0.7282786775373815,0.7396015263921157,0.012301478660694483,44
6,0.5119311809539795,0.02059318012891582,0.007172028223673503,0.00082071331701857,20,78,0.2778222222222222,dart,"{'num_leaves': 20, 'max_depth': 78, 'learning_rate': 0.2778222222222222, 'boosting_type': 'dart'}",0.7609840858968403,0.7540552649468206,0.7377340814345211,0.7509244774260607,0.009746522448188893,23
7,0.5271251201629639,0.07426109953872774,0.0051373640696207685,0.0008205303090723481,20,78,0.0001,dart,"{'num_leaves': 20, 'max_depth': 78, 'learning_rate': 0.0001, 'boosting_type': 'dart'}",-1.5153062285514105,-1.6316571720667055,-1.590342344060507,-1.5791019148928742,0.04816046753738495,99
8,3.5659844875335693,0.2056493886372692,0.05425198872884115,0.02995731409692667,300,152,0.5,gbdt,"{'num_leaves': 300, 'max_depth': 152, 'learning_rate': 0.5, 'boosting_type': 'gbdt'}",0.706364961968265,0.6751459573948406,0.667892134631324,0.6831343513314766,0.01669132387578809,65
9,2.783608595530192,0.04294822153638954,0.02335675557454427,0.0006633421980172125,300,78,0.11118888888888889,gbdt,"{'num_leaves': 300, 'max_depth': 78, 'learning_rate': 0.11118888888888889, 'boosting_type': 'gbdt'}",0.768609438942906,0.749120349469688,0.7361783930246513,0.7513027271457484,0.013329547731230096,21
10,1.059937318166097,0.04211197660084628,0.013892809549967447,0.0021948072512003223,230,152,0.11118888888888889,goss,"{'num_leaves': 230, 'max_depth': 152, 'learning_rate': 0.11118888888888889, 'boosting_type': 'goss'}",0.7653053069118843,0.747498606028469,0.7307823511299025,0.7478620880234187,0.01409628103086427,30
11,0.4533143838246663,0.040241185819862954,0.009327967961629232,0.003114259342789977,20,300,0.05564444444444445,gbdt,"{'num_leaves': 20, 'max_depth': 300, 'learning_rate': 0.05564444444444445, 'boosting_type': 'gbdt'}",0.7509330948394763,0.7467077883339978,0.7304850402065237,0.7427086411266659,0.008813838299609172,39
12,1.983140230178833,0.500941367893086,0.016163428624471027,0.0017110932881265078,160,152,0.44445555555555555,goss,"{'num_leaves': 160, 'max_depth': 152, 'learning_rate': 0.44445555555555555, 'boosting_type': 'goss'}",0.5789147207089758,0.5471865122766818,0.5629568774350389,0.5630193701402322,0.012953062226990292,81
13,0.3538351853688558,0.01715685813297973,0.007723331451416016,0.0014978457435243365,300,5,0.5,goss,"{'num_leaves': 300, 'max_depth': 5, 'learning_rate': 0.5, 'boosting_type': 'goss'}",0.6361182210852305,0.6008200232114334,0.6285071828103302,0.621815142368998,0.01516747061391042,72
14,4.214696089426677,0.9866246745888495,0.03616937001546224,0.004533468393809721,300,300,0.44445555555555555,gbdt,"{'num_leaves': 300, 'max_depth': 300, 'learning_rate': 0.44445555555555555, 'boosting_type': 'gbdt'}",0.7206650118427946,0.6974823510432286,0.6840737897321496,0.7007403842060577,0.015114903659527782,61
15,2.2552388509114585,0.3969566043936131,0.02202884356180827,0.006031778462325579,160,226,0.11118888888888889,gbdt,"{'num_leaves': 160, 'max_depth': 226, 'learning_rate': 0.11118888888888889, 'boosting_type': 'gbdt'}",0.7693725484186646,0.7642737038004302,0.75013125828849,0.7612591701691951,0.00813930264124944,3
16,1.1419195334116619,0.09995610788433539,0.013742367426554361,0.002692107214459462,160,152,0.16673333333333332,goss,"{'num_leaves': 160, 'max_depth': 152, 'learning_rate': 0.16673333333333332, 'boosting_type': 'goss'}",0.7465894244653679,0.72397976209897,0.7176871026636631,0.7294187630760004,0.012410294116939865,47
17,0.9552984237670898,0.031979949478798925,0.013116200764973959,0.003289608896843939,90,226,0.11118888888888889,goss,"{'num_leaves': 90, 'max_depth': 226, 'learning_rate': 0.11118888888888889, 'boosting_type': 'goss'}",0.7642341542083664,0.7470698321640235,0.7308215893442,0.7473751919055299,0.01364233132885359,35
18,1.1395549774169922,0.07821868813304911,0.012409051259358725,0.0012071809460463875,300,300,0.3889111111111111,goss,"{'num_leaves': 300, 'max_depth': 300, 'learning_rate': 0.3889111111111111, 'boosting_type': 'goss'}",0.6251212235878787,0.615791474636648,0.5852709290156237,0.6087278757467168,0.017018270893998037,74
19,2.853026866912842,0.19999049419932252,0.008383989334106445,0.00045035424723955216,230,226,0.0001,dart,"{'num_leaves': 230, 'max_depth': 226, 'learning_rate': 0.0001, 'boosting_type': 'dart'}",-1.5147444260496887,-1.6309564955102496,-1.589623823410291,-1.5784415816567432,0.04809776966452566,96
20,0.45195945103963214,0.026579489375645155,0.007211128870646159,0.000891698582474288,20,152,0.2778222222222222,dart,"{'num_leaves': 20, 'max_depth': 152, 'learning_rate': 0.2778222222222222, 'boosting_type': 'dart'}",0.7609840858968403,0.7540552649468206,0.7377340814345211,0.7509244774260607,0.009746522448188893,23
21,1.1409955024719238,0.09522523316647256,0.01092203458150228,0.0006604236624837125,300,152,0.44445555555555555,goss,"{'num_leaves': 300, 'max_depth': 152, 'learning_rate': 0.44445555555555555, 'boosting_type': 'goss'}",0.5922614671963609,0.5578815271447868,0.5546447582156987,0.5682625841856154,0.01702114288363468,79
22,1.149401585261027,0.04928411759526894,0.01236414909362793,0.0011337716209256663,300,226,0.5,goss,"{'num_leaves': 300, 'max_depth': 226, 'learning_rate': 0.5, 'boosting_type': 'goss'}",0.5304811718600545,0.5057425664789905,0.5028051411743873,0.5130096265044775,0.012412313501493053,86
23,0.3541911443074544,0.04684306378166927,0.008716821670532227,0.0017186100377023486,20,5,0.5,goss,"{'num_leaves': 20, 'max_depth': 5, 'learning_rate': 0.5, 'boosting_type': 'goss'}",0.661427541621755,0.6274560736459907,0.6045320836816322,0.6311385663164594,0.023372973676950203,71
24,1.1151928106943767,0.05422619980623669,0.01206819216410319,0.0006499226425134013,230,152,0.5,goss,"{'num_leaves': 230, 'max_depth': 152, 'learning_rate': 0.5, 'boosting_type': 'goss'}",0.4916649405311897,0.4949279232913949,0.4866588262705178,0.49108389669770086,0.003400754851254464,89
25,1.5509413878122966,0.11264512240016454,0.013490597407023111,0.0015375432129735972,230,78,0.05564444444444445,goss,"{'num_leaves': 230, 'max_depth': 78, 'learning_rate': 0.05564444444444445, 'boosting_type': 'goss'}",0.7694821266457542,0.7547014341693352,0.7396613311786975,0.754614963997929,0.012174442311386457,14
26,2.886866648991903,0.5199824534789373,0.015145301818847656,0.0042742124893591854,230,78,0.22227777777777777,dart,"{'num_leaves': 230, 'max_depth': 78, 'learning_rate': 0.22227777777777777, 'boosting_type': 'dart'}",0.7694254681207416,0.7520135872865252,0.7331234915694196,0.7515208489922287,0.014824314906108,19
27,2.582786798477173,0.0654320652287403,0.03148039182027181,0.007008546772029052,230,226,0.5,gbdt,"{'num_leaves': 230, 'max_depth': 226, 'learning_rate': 0.5, 'boosting_type': 'gbdt'}",0.7129186097335012,0.6947835513961218,0.6862062927194259,0.6979694846163497,0.011135516689940866,63
28,0.3304612636566162,0.01637457207298688,0.0065920352935791016,0.00045828669358629004,20,78,0.44445555555555555,gbdt,"{'num_leaves': 20, 'max_depth': 78, 'learning_rate': 0.44445555555555555, 'boosting_type': 'gbdt'}",0.7506060054270065,0.7349213710551576,0.7169897266804095,0.7341723677208579,0.013734004118448039,45
29,0.4638923803965251,0.010836702103971647,0.006281534830729167,0.00021285090066702175,160,5,0.05564444444444445,dart,"{'num_leaves': 160, 'max_depth': 5, 'learning_rate': 0.05564444444444445, 'boosting_type': 'dart'}",0.5635263626074325,0.5432621001516839,0.5288024346209519,0.5451969657933561,0.014241853168064552,82
30,0.39257200558980304,0.011436684569529657,0.007114410400390625,4.0647862283529985e-06,20,152,0.05564444444444445,gbdt,"{'num_leaves': 20, 'max_depth': 152, 'learning_rate': 0.05564444444444445, 'boosting_type': 'gbdt'}",0.7509330948394763,0.7467077883339978,0.7304850402065237,0.7427086411266659,0.008813838299609172,39
31,2.440650542577108,0.2779027488906866,0.006850401560465495,0.00021044113122465255,160,78,0.0001,goss,"{'num_leaves': 160, 'max_depth': 78, 'learning_rate': 0.0001, 'boosting_type': 'goss'}",0.013496194689665564,0.013571637024015426,0.013219657095306814,0.013429162936329267,0.00015131073881240433,93
32,1.3075799147288005,0.03967972308556624,0.011578003565470377,0.00024237577976679662,90,300,0.05564444444444445,gbdt,"{'num_leaves': 90, 'max_depth': 300, 'learning_rate': 0.05564444444444445, 'boosting_type': 'gbdt'}",0.7814791156452907,0.7680845411651389,0.7508265097178373,0.766796722176089,0.012546963001655202,1
33,1.3628456592559814,0.23868540809598762,0.015277544657389322,0.0021429303218869285,90,78,0.2778222222222222,gbdt,"{'num_leaves': 90, 'max_depth': 78, 'learning_rate': 0.2778222222222222, 'boosting_type': 'gbdt'}",0.7646851376835764,0.7505346176258246,0.7329704767227112,0.749396744010704,0.012972432237599007,28
34,3.4606624444325766,0.3774687470372048,0.01467426617940267,0.0014697392202297193,300,78,0.11118888888888889,dart,"{'num_leaves': 300, 'max_depth': 78, 'learning_rate': 0.11118888888888889, 'boosting_type': 'dart'}",0.7318345663613516,0.7225722128693917,0.7032496380280074,0.7192188057529169,0.011908219470103353,57
35,0.4236764907836914,0.08642783213763001,0.007128079732259114,0.0004060895472161885,300,5,0.5,dart,"{'num_leaves': 300, 'max_depth': 5, 'learning_rate': 0.5, 'boosting_type': 'dart'}",0.7659872874580186,0.7526083990902841,0.7397726620806817,0.7527894495429948,0.010702841690203859,16
36,0.2881430784861247,0.012375989926090536,0.0073617299397786455,0.0005680429707897323,300,5,0.33336666666666664,goss,"{'num_leaves': 300, 'max_depth': 5, 'learning_rate': 0.33336666666666664, 'boosting_type': 'goss'}",0.7152216514663101,0.7002370766426246,0.6812199031780373,0.6988928770956573,0.013913659379217165,62
37,0.37249326705932617,0.007755292824757881,0.007841984430948893,0.0013923769853052639,20,300,0.11118888888888889,goss,"{'num_leaves': 20, 'max_depth': 300, 'learning_rate': 0.11118888888888889, 'boosting_type': 'goss'}",0.7576521914009109,0.7521285441946881,0.732584980284746,0.7474552386267815,0.010753948328679564,31
38,1.9034276803334553,0.04992011155900208,0.010625759760538736,0.00026823530040757086,160,152,0.11118888888888889,dart,"{'num_leaves': 160, 'max_depth': 152, 'learning_rate': 0.11118888888888889, 'boosting_type': 'dart'}",0.7316279912067709,0.7226515421119304,0.7036504926773898,0.7193100086653637,0.011663604083394747,56
39,1.1707699298858643,0.02226107484715161,0.006857156753540039,0.0002743122230846331,90,78,0.0001,goss,"{'num_leaves': 90, 'max_depth': 78, 'learning_rate': 0.0001, 'boosting_type': 'goss'}",0.01323792060520168,0.013053054005133347,0.012814657558205989,0.013035210722847005,0.00017325643572477941,94
40,0.8803542455037435,0.04840837499032926,0.012579202651977539,0.0019396889371021203,90,300,0.3889111111111111,goss,"{'num_leaves': 90, 'max_depth': 300, 'learning_rate': 0.3889111111111111, 'boosting_type': 'goss'}",0.5998941099055886,0.5773397478103613,0.5836375860500587,0.5869571479220029,0.009502260455523366,78
41,1.073393742243449,0.014514333586920032,0.012286822001139322,0.0007458767991222627,300,78,0.11118888888888889,goss,"{'num_leaves': 300, 'max_depth': 78, 'learning_rate': 0.11118888888888889, 'boosting_type': 'goss'}",0.764220310043457,0.7447264128406985,0.7298870668844366,0.7462779299228641,0.014059357510125756,36
42,1.6352282365163167,0.016453993521849904,0.020435492197672527,0.0017697031994314775,160,152,0.3889111111111111,gbdt,"{'num_leaves': 160, 'max_depth': 152, 'learning_rate': 0.3889111111111111, 'boosting_type': 'gbdt'}",0.7487031973257804,0.7211666018767631,0.704430777171104,0.7247668587912157,0.018252546561609736,52
43,0.35011712710062665,0.006660974373335236,0.00712124506632487,0.0004893659801781287,20,152,0.11118888888888889,gbdt,"{'num_leaves': 20, 'max_depth': 152, 'learning_rate': 0.11118888888888889, 'boosting_type': 'gbdt'}",0.7686090847241631,0.7640264543876423,0.7476598822804239,0.7600984737974098,0.008992183435077555,5
44,0.8947157859802246,0.01486762952516767,0.011842648188273111,0.0006799575358858376,90,152,0.44445555555555555,goss,"{'num_leaves': 90, 'max_depth': 152, 'learning_rate': 0.44445555555555555, 'boosting_type': 'goss'}",0.551747943102417,0.5240848856598433,0.5285521582352202,0.5347949956658268,0.012125481465534218,84
45,1.9824141661326091,0.18278340779058233,0.010361194610595703,0.00044451177454996846,160,152,0.05564444444444445,dart,"{'num_leaves': 160, 'max_depth': 152, 'learning_rate': 0.05564444444444445, 'boosting_type': 'dart'}",0.6067537180006579,0.592747737238627,0.5696952504862605,0.5897322352418485,0.015278578530049717,77
46,2.995480934778849,0.20725485664962298,0.01261432965596517,0.0010505023875884538,300,152,0.05564444444444445,dart,"{'num_leaves': 300, 'max_depth': 152, 'learning_rate': 0.05564444444444445, 'boosting_type': 'dart'}",0.6098985158828268,0.5956912025528621,0.572880062510255,0.5928232603153146,0.015248175673016317,76
47,3.8464059034983316,0.6255681336816854,0.018805503845214844,0.0013702727108982045,300,78,0.44445555555555555,dart,"{'num_leaves': 300, 'max_depth': 78, 'learning_rate': 0.44445555555555555, 'boosting_type': 'dart'}",0.7685014115162689,0.7503587354204752,0.7367275354989127,0.7518625608118855,0.01301514290861405,18
48,0.39208610852559406,0.06922026970021897,0.00840306282043457,0.001679150790137871,230,5,0.3889111111111111,goss,"{'num_leaves': 230, 'max_depth': 5, 'learning_rate': 0.3889111111111111, 'boosting_type': 'goss'}",0.7002708501974648,0.6743138984509078,0.6725453379775381,0.6823766955419703,0.012673661130156503,66
49,1.1119362513224285,0.12095914444869618,0.012707074483235678,0.00088065255356287,90,226,0.33336666666666664,goss,"{'num_leaves': 90, 'max_depth': 226, 'learning_rate': 0.33336666666666664, 'boosting_type': 'goss'}",0.6553616138420719,0.6413204655234305,0.631200752790872,0.6426276107187915,0.009906841848108958,70
50,1.375062624613444,0.14826097330473936,0.010357936223347982,0.0009430377654891913,90,226,0.16673333333333332,dart,"{'num_leaves': 90, 'max_depth': 226, 'learning_rate': 0.16673333333333332, 'boosting_type': 'dart'}",0.7620983743544487,0.7482035034287127,0.731879526771438,0.7473938015181997,0.0123500715301363,33
51,0.45842353502909344,0.0171065943938753,0.005525350570678711,0.00036508992722042926,300,5,0.0001,dart,"{'num_leaves': 300, 'max_depth': 5, 'learning_rate': 0.0001, 'boosting_type': 'dart'}",-1.5152562934077274,-1.6316098710065297,-1.5902305714442049,-1.5790322452861538,0.04815662388890851,97
52,1.4643874963124592,0.27928012715047124,0.013460954030354818,0.002294705194335165,230,226,0.2778222222222222,goss,"{'num_leaves': 230, 'max_depth': 226, 'learning_rate': 0.2778222222222222, 'boosting_type': 'goss'}",0.7120531866697188,0.6756953560065753,0.6794245016166145,0.6890576814309695,0.016331392625538274,64
53,0.5752714474995931,0.09655822829886129,0.00809915860493978,0.0010256455128167053,230,5,0.05564444444444445,dart,"{'num_leaves': 230, 'max_depth': 5, 'learning_rate': 0.05564444444444445, 'boosting_type': 'dart'}",0.5635263626074325,0.5432621001516839,0.5288024346209519,0.5451969657933561,0.014241853168064552,82
54,1.6406075954437256,0.2687227795773008,0.016205469767252605,0.003937720686244557,90,300,0.44445555555555555,goss,"{'num_leaves': 90, 'max_depth': 300, 'learning_rate': 0.44445555555555555, 'boosting_type': 'goss'}",0.551747943102417,0.5240848856598433,0.5285521582352202,0.5347949956658268,0.012125481465534218,84
55,0.6349090735117594,0.06080738067104672,0.01035459836324056,0.002869699133268734,20,78,0.05564444444444445,gbdt,"{'num_leaves': 20, 'max_depth': 78, 'learning_rate': 0.05564444444444445, 'boosting_type': 'gbdt'}",0.7509330948394763,0.7467077883339978,0.7304850402065237,0.7427086411266659,0.008813838299609172,39
56,0.6956120332082113,0.11096215924669994,0.007751146952311198,0.0013605906444430597,160,5,0.0001,dart,"{'num_leaves': 160, 'max_depth': 5, 'learning_rate': 0.0001, 'boosting_type': 'dart'}",-1.5152562934077274,-1.6316098710065297,-1.5902305714442049,-1.5790322452861538,0.04815662388890851,97
57,1.3777438799540203,0.21659003376517186,0.017432212829589844,0.004316389643692889,300,300,0.5,goss,"{'num_leaves': 300, 'max_depth': 300, 'learning_rate': 0.5, 'boosting_type': 'goss'}",0.5304811718600545,0.5057425664789905,0.5028051411743873,0.5130096265044775,0.012412313501493053,86
58,1.78009033203125,0.055973614086224664,0.018270413080851238,0.0035440927120843763,230,300,0.22227777777777777,goss,"{'num_leaves': 230, 'max_depth': 300, 'learning_rate': 0.22227777777777777, 'boosting_type': 'goss'}",0.7260682847795834,0.7009974162154953,0.6986002949053081,0.7085553319667955,0.012422135747960524,60
59,0.42624767621358234,0.11026767648029756,0.00986011823018392,0.002367817652161619,90,5,0.16673333333333332,gbdt,"{'num_leaves': 90, 'max_depth': 5, 'learning_rate': 0.16673333333333332, 'boosting_type': 'gbdt'}",0.7655257187820558,0.7557986580904835,0.7428870340262359,0.7547371369662583,0.009272634727743418,13
60,0.5841740767161051,0.04475917810273337,0.005760987599690755,0.00019902999944921125,20,152,0.0001,dart,"{'num_leaves': 20, 'max_depth': 152, 'learning_rate': 0.0001, 'boosting_type': 'dart'}",-1.5153062285514105,-1.6316571720667055,-1.590342344060507,-1.5791019148928742,0.04816046753738495,99
61,1.3604494730631511,0.07796853791445102,0.016749779383341473,0.0038701468480024127,300,78,0.3889111111111111,goss,"{'num_leaves': 300, 'max_depth': 78, 'learning_rate': 0.3889111111111111, 'boosting_type': 'goss'}",0.6251212235878787,0.615791474636648,0.5852709290156237,0.6087278757467168,0.017018270893998037,74
62,2.8561366399129233,0.687996614386909,0.013679265975952148,0.0014775927146488605,160,78,0.2778222222222222,dart,"{'num_leaves': 160, 'max_depth': 78, 'learning_rate': 0.2778222222222222, 'boosting_type': 'dart'}",0.7754323499355413,0.7545906085026683,0.7430443114501276,0.7576890899627791,0.013402653959872961,8
63,4.053375085194905,0.23169189834763088,0.01415546735127767,0.002223928465195577,300,152,0.22227777777777777,dart,"{'num_leaves': 300, 'max_depth': 152, 'learning_rate': 0.22227777777777777, 'boosting_type': 'dart'}",0.7684484355422265,0.7498720390577516,0.7334985501417508,0.7506063415805763,0.014277675406565467,25
64,0.5296138922373453,0.08771885066064478,0.007704893747965495,0.0006347299738462854,20,300,0.22227777777777777,dart,"{'num_leaves': 20, 'max_depth': 300, 'learning_rate': 0.22227777777777777, 'boosting_type': 'dart'}",0.7506086985299953,0.7482862892445528,0.7244941305417114,0.7411297061054198,0.011801276116707808,42
65,1.2510146299997966,0.21996792997364478,0.013121287027994791,0.0025984424599105813,160,226,0.33336666666666664,goss,"{'num_leaves': 160, 'max_depth': 226, 'learning_rate': 0.33336666666666664, 'boosting_type': 'goss'}",0.6650360001081808,0.6440658886868829,0.6293884835395008,0.6461634574448548,0.01462842450845596,69
66,1.7039865652720134,0.06867456790872702,0.01687447230021159,0.0073915485250878234,90,300,0.16673333333333332,dart,"{'num_leaves': 90, 'max_depth': 300, 'learning_rate': 0.16673333333333332, 'boosting_type': 'dart'}",0.7620983743544487,0.7482035034287127,0.731879526771438,0.7473938015181997,0.0123500715301363,33
67,2.393833637237549,0.5460149032157582,0.012712955474853516,0.0017193309264808795,160,226,0.22227777777777777,dart,"{'num_leaves': 160, 'max_depth': 226, 'learning_rate': 0.22227777777777777, 'boosting_type': 'dart'}",0.7664213368888917,0.755462997322973,0.7379710156885566,0.7532851166334739,0.01171644335464277,15
68,1.3648286660512288,0.4228543434665007,0.014483133951822916,0.003942664302486194,160,300,0.05564444444444445,goss,"{'num_leaves': 160, 'max_depth': 300, 'learning_rate': 0.05564444444444445, 'boosting_type': 'goss'}",0.7699932177113951,0.7542379067378286,0.7412586285331622,0.7551632509941286,0.011749080823762496,11
69,0.4588499069213867,0.04075960795478273,0.012605110804239908,0.0011679462491568729,90,5,0.33336666666666664,gbdt,"{'num_leaves': 90, 'max_depth': 5, 'learning_rate': 0.33336666666666664, 'boosting_type': 'gbdt'}",0.76149301265343,0.7559779498945886,0.7329343765968013,0.7501351130482732,0.012369397187231547,26
70,3.1075781186421714,0.7299442360167905,0.030444939931233723,0.007958027497076348,230,152,0.33336666666666664,gbdt,"{'num_leaves': 230, 'max_depth': 152, 'learning_rate': 0.33336666666666664, 'boosting_type': 'gbdt'}",0.7437151629048178,0.7205767594458776,0.7111050757214368,0.7251323326907108,0.013697186626425797,50
71,0.4760281244913737,0.061129150485029635,0.007151047388712565,0.0006160073672022584,20,300,0.16673333333333332,dart,"{'num_leaves': 20, 'max_depth': 300, 'learning_rate': 0.16673333333333332, 'boosting_type': 'dart'}",0.7375898732655692,0.7291705592746603,0.7102913528442377,0.7256839284614891,0.01141401916121807,49
72,1.6522603034973145,0.024164470827430232,0.02027614911397298,0.003133313144900151,160,300,0.3889111111111111,gbdt,"{'num_leaves': 160, 'max_depth': 300, 'learning_rate': 0.3889111111111111, 'boosting_type': 'gbdt'}",0.7487031973257804,0.7211666018767631,0.704430777171104,0.7247668587912157,0.018252546561609736,52
73,0.9766877492268881,0.009539137017954068,0.010881662368774414,0.0002622621709592893,300,152,0.5,goss,"{'num_leaves': 300, 'max_depth': 152, 'learning_rate': 0.5, 'boosting_type': 'goss'}",0.5304811718600545,0.5057425664789905,0.5028051411743873,0.5130096265044775,0.012412313501493053,86
74,1.8749432563781738,0.03690054579193665,0.011516729990641275,2.08152148782552e-06,160,300,0.33336666666666664,dart,"{'num_leaves': 160, 'max_depth': 300, 'learning_rate': 0.33336666666666664, 'boosting_type': 'dart'}",0.7790749967594162,0.7552125971580704,0.7429231582768698,0.7590702507314523,0.015008885695618177,6
75,4.060959815979004,0.9882977647119685,0.01753854751586914,0.001051257261239513,300,226,0.5,dart,"{'num_leaves': 300, 'max_depth': 226, 'learning_rate': 0.5, 'boosting_type': 'dart'}",0.7624978703552133,0.7425999438859789,0.7294808438568918,0.7448595526993614,0.01357351302328307,37
76,0.3930801550547282,0.05098319586252583,0.008244752883911133,0.0009818845346451922,90,5,0.5,goss,"{'num_leaves': 90, 'max_depth': 5, 'learning_rate': 0.5, 'boosting_type': 'goss'}",0.6361182210852305,0.6008200232114334,0.6285071828103302,0.621815142368998,0.01516747061391042,72
77,3.017087459564209,0.18082040611395492,0.025981744130452473,0.0020313395611434707,230,78,0.11118888888888889,gbdt,"{'num_leaves': 230, 'max_depth': 78, 'learning_rate': 0.11118888888888889, 'boosting_type': 'gbdt'}",0.7703022448445775,0.7534010367258321,0.7440750295145493,0.7559261036949864,0.01085506574188452,10
78,0.8020883401234945,0.02447574719932184,0.00931239128112793,0.000988484521562531,160,5,0.5,dart,"{'num_leaves': 160, 'max_depth': 5, 'learning_rate': 0.5, 'boosting_type': 'dart'}",0.7659872874580186,0.7526083990902841,0.7397726620806817,0.7527894495429948,0.010702841690203859,16
79,1.5143023331960042,0.48607124748239683,0.01541741689046224,0.0035164538402546602,300,152,0.22227777777777777,goss,"{'num_leaves': 300, 'max_depth': 152, 'learning_rate': 0.22227777777777777, 'boosting_type': 'goss'}",0.7316292033988916,0.7069175361118423,0.68943508397445,0.7093272744950613,0.01730974788585283,59
80,0.3257904847462972,0.025884684564224564,0.006829579671223958,0.00024130145871492314,160,5,0.33336666666666664,gbdt,"{'num_leaves': 160, 'max_depth': 5, 'learning_rate': 0.33336666666666664, 'boosting_type': 'gbdt'}",0.76149301265343,0.7559779498945886,0.7329343765968013,0.7501351130482732,0.012369397187231547,26
81,0.33583490053812665,0.020278773151349905,0.008196671803792318,0.002359984594771936,160,5,0.11118888888888889,goss,"{'num_leaves': 160, 'max_depth': 5, 'learning_rate': 0.11118888888888889, 'boosting_type': 'goss'}",0.7538533748291192,0.7426802022844744,0.7355436148922965,0.7440257306686301,0.007535235550861293,38
82,1.1241015593210857,0.03336041623526323,0.012285947799682617,0.003185707431839729,160,78,0.16673333333333332,goss,"{'num_leaves': 160, 'max_depth': 78, 'learning_rate': 0.16673333333333332, 'boosting_type': 'goss'}",0.7465894244653679,0.72397976209897,0.7176871026636631,0.7294187630760004,0.012410294116939865,47
83,1.0503509044647217,0.03192935505563288,0.012779553731282553,0.002169641045042478,90,152,0.3889111111111111,gbdt,"{'num_leaves': 90, 'max_depth': 152, 'learning_rate': 0.3889111111111111, 'boosting_type': 'gbdt'}",0.7404506071060979,0.7174877453748029,0.7148609133329122,0.7242664219379377,0.011494083951089763,54
84,1.7218923568725586,0.3718378254768859,0.01404571533203125,0.0027404122364608294,90,152,0.5,gbdt,"{'num_leaves': 90, 'max_depth': 152, 'learning_rate': 0.5, 'boosting_type': 'gbdt'}",0.7304876600486379,0.7127851670150591,0.6990516643524042,0.714108163805367,0.012867742530161208,58
85,1.9313565095265706,0.29066481540565237,0.01485006014506022,0.001992873349475857,300,78,0.2778222222222222,goss,"{'num_leaves': 300, 'max_depth': 78, 'learning_rate': 0.2778222222222222, 'boosting_type': 'goss'}",0.7043459944000954,0.670284153372789,0.6570225418257554,0.6772175631995466,0.019932074984110173,67
86,1.4199392000834148,0.21696151939367955,0.01356347401936849,0.001069227813061764,90,226,0.44445555555555555,gbdt,"{'num_leaves': 90, 'max_depth': 226, 'learning_rate': 0.44445555555555555, 'boosting_type': 'gbdt'}",0.7374470259370839,0.7248663972026916,0.712888626647123,0.7250673499289663,0.010026931415607176,51
87,0.4954229195912679,0.025061058421833392,0.009383916854858398,0.0008116118628615018,230,5,0.33336666666666664,dart,"{'num_leaves': 230, 'max_depth': 5, 'learning_rate': 0.33336666666666664, 'boosting_type': 'dart'}",0.7609972727486692,0.7577353933720687,0.7350140480067632,0.751248904709167,0.011556755409068873,22
88,0.3512574036916097,0.011031945829289659,0.009150822957356771,0.00095311908321086,20,5,0.44445555555555555,goss,"{'num_leaves': 20, 'max_depth': 5, 'learning_rate': 0.44445555555555555, 'boosting_type': 'goss'}",0.6690164719244294,0.6536474264674867,0.6523736573022788,0.658345851898065,0.007563166038189971,68
89,5.448965152104695,1.2287233816658039,0.009265263875325521,0.0008978326938719238,300,152,0.0001,dart,"{'num_leaves': 300, 'max_depth': 152, 'learning_rate': 0.0001, 'boosting_type': 'dart'}",-1.5147263973894218,-1.6309438499972693,-1.5896234335862744,-1.5784312269909886,0.04810109623849882,95
90,5.994099299112956,0.18476371103051298,0.022582133611043293,0.0033151341940925384,300,226,0.44445555555555555,dart,"{'num_leaves': 300, 'max_depth': 226, 'learning_rate': 0.44445555555555555, 'boosting_type': 'dart'}",0.7685014115162689,0.7503587354204752,0.7355489171668703,0.7514696880345383,0.01347571600434913,20
91,2.2776721318562827,0.14998388907466872,0.012698173522949219,0.0022618956191647636,90,152,0.22227777777777777,dart,"{'num_leaves': 90, 'max_depth': 152, 'learning_rate': 0.22227777777777777, 'boosting_type': 'dart'}",0.772948950907125,0.7583409953049781,0.737984391584257,0.7564247792654534,0.01433838705696909,9
92,2.2333993911743164,0.23635872987423853,0.01587224006652832,0.0038512942991985677,160,152,0.05564444444444445,gbdt,"{'num_leaves': 160, 'max_depth': 152, 'learning_rate': 0.05564444444444445, 'boosting_type': 'gbdt'}",0.778639465716542,0.7632566383878481,0.7521388002949912,0.7646783014664603,0.01086545478042101,2
93,1.1404284636179607,0.094173986628305,0.01030890146891276,0.00022118651821124874,160,78,0.05564444444444445,goss,"{'num_leaves': 160, 'max_depth': 78, 'learning_rate': 0.05564444444444445, 'boosting_type': 'goss'}",0.7699932177113951,0.7542379067378286,0.7412586285331622,0.7551632509941286,0.011749080823762496,11
94,0.42398444811503094,0.01744841781342836,0.008066415786743164,0.0014586193413572656,20,300,0.44445555555555555,dart,"{'num_leaves': 20, 'max_depth': 300, 'learning_rate': 0.44445555555555555, 'boosting_type': 'dart'}",0.7663810312474455,0.7625625665573039,0.745738866377021,0.7582274880605903,0.00896732668502526,7
95,0.40984288851420086,0.05568236449696402,0.008228143056233725,0.0006744407289640243,20,152,0.11118888888888889,goss,"{'num_leaves': 20, 'max_depth': 152, 'learning_rate': 0.11118888888888889, 'boosting_type': 'goss'}",0.7576521914009109,0.7521285441946881,0.732584980284746,0.7474552386267815,0.010753948328679564,31
96,0.993504524230957,0.009402899963270657,0.011057297388712565,0.0003637291595583428,300,226,0.44445555555555555,goss,"{'num_leaves': 300, 'max_depth': 226, 'learning_rate': 0.44445555555555555, 'boosting_type': 'goss'}",0.5922614671963609,0.5578815271447868,0.5546447582156987,0.5682625841856154,0.01702114288363468,79
97,0.9510756333669027,0.04198416269721622,0.013152758280436197,0.0030466549545820855,230,226,0.5,goss,"{'num_leaves': 230, 'max_depth': 226, 'learning_rate': 0.5, 'boosting_type': 'goss'}",0.4916649405311897,0.4949279232913949,0.4866588262705178,0.49108389669770086,0.003400754851254464,89
98,2.2839272022247314,0.06465889186242652,0.01516580581665039,0.0005934299578772509,230,78,0.05564444444444445,gbdt,"{'num_leaves': 230, 'max_depth': 78, 'learning_rate': 0.05564444444444445, 'boosting_type': 'gbdt'}",0.7777986749289802,0.7593549808105811,0.7431952893588254,0.7601163150327955,0.014137026928781419,4
99,0.31087470054626465,0.04433924633040483,0.00816504160563151,0.0024782986885613922,90,5,0.16673333333333332,goss,"{'num_leaves': 90, 'max_depth': 5, 'learning_rate': 0.16673333333333332, 'boosting_type': 'goss'}",0.7478258370624489,0.7504863621309794,0.7224582604639684,0.7402568198857988,0.012632263891306063,43
