,mean_fit_time,std_fit_time,mean_score_time,std_score_time,param_num_leaves,param_max_depth,param_learning_rate,param_boosting_type,params,split0_test_score,split1_test_score,split2_test_score,mean_test_score,std_test_score,rank_test_score
0,0.8029109636942545,0.0748116386147583,0.010834296544392904,0.002059550320269198,90,152,0.5,goss,"{'num_leaves': 90, 'max_depth': 152, 'learning_rate': 0.5, 'boosting_type': 'goss'}",0.3814375932707825,0.3940943152470878,0.3627952473342003,0.3794423852840236,0.012855441240624042,91
1,3.7308316230773926,0.984251689350224,0.03849021593729655,0.013370521328095368,230,152,0.2778222222222222,gbdt,"{'num_leaves': 230, 'max_depth': 152, 'learning_rate': 0.2778222222222222, 'boosting_type': 'gbdt'}",0.6767066044833697,0.6755929772236728,0.6634337959433876,0.6719111258834767,0.0060115934439621856,47
2,1.47351868947347,0.2636180096291044,0.015292962392171225,0.0026638552500377814,90,78,0.3889111111111111,gbdt,"{'num_leaves': 90, 'max_depth': 78, 'learning_rate': 0.3889111111111111, 'boosting_type': 'gbdt'}",0.663868425084857,0.6762459548766918,0.6506450653648683,0.6635864817754723,0.010453420651360285,52
3,4.494882265726726,0.44157487599951484,0.012070814768473307,0.002729092153888406,300,78,0.0001,goss,"{'num_leaves': 300, 'max_depth': 78, 'learning_rate': 0.0001, 'boosting_type': 'goss'}",0.012703449283665291,0.013384074810519508,0.011722209371356374,0.012603244488513724,0.0006821436482148246,92
4,3.248086134592692,0.04744491369698373,0.030811548233032227,0.002843446591912734,230,152,0.16673333333333332,gbdt,"{'num_leaves': 230, 'max_depth': 152, 'learning_rate': 0.16673333333333332, 'boosting_type': 'gbdt'}",0.6792319153722537,0.6974085447917111,0.6827964170876186,0.686478959083861,0.007864193153300959,41
5,0.5077958106994629,0.06437522627457473,0.012449502944946289,0.0024389871596035436,20,152,0.16673333333333332,goss,"{'num_leaves': 20, 'max_depth': 152, 'learning_rate': 0.16673333333333332, 'boosting_type': 'goss'}",0.6876272722703844,0.6936874653503476,0.6770393162087872,0.6861180179431732,0.006879854839944637,42
6,0.5891186396280924,0.06921065880058484,0.008129358291625977,0.001625030113203616,20,78,0.2778222222222222,dart,"{'num_leaves': 20, 'max_depth': 78, 'learning_rate': 0.2778222222222222, 'boosting_type': 'dart'}",0.6921919432176308,0.6993252222240414,0.6902192583175835,0.6939121412530852,0.003911432442410706,26
7,0.5743436018625895,0.04554744717276362,0.006017049153645833,0.0009785666933193014,20,78,0.0001,dart,"{'num_leaves': 20, 'max_depth': 78, 'learning_rate': 0.0001, 'boosting_type': 'dart'}",-1.6013790660667016,-1.621491842655593,-1.5846801274644062,-1.6025170120622336,0.015049845727799008,99
8,3.173837900161743,0.6962006654445692,0.032054742177327476,0.0030216676362594106,300,152,0.5,gbdt,"{'num_leaves': 300, 'max_depth': 152, 'learning_rate': 0.5, 'boosting_type': 'gbdt'}",0.6289508900552858,0.6370041956548913,0.6060365041198607,0.6239971966100125,0.01311878522868408,66
9,2.871464411417643,0.24800236805066084,0.02780890464782715,0.0025816152885133085,300,78,0.11118888888888889,gbdt,"{'num_leaves': 300, 'max_depth': 78, 'learning_rate': 0.11118888888888889, 'boosting_type': 'gbdt'}",0.6860945829470582,0.7017211171003686,0.6873065075329994,0.6917074025268087,0.00709803024183686,33
10,1.1642003059387207,0.17877489211320816,0.013272762298583984,0.0028109321223913036,230,152,0.11118888888888889,goss,"{'num_leaves': 230, 'max_depth': 152, 'learning_rate': 0.11118888888888889, 'boosting_type': 'goss'}",0.6908287430066083,0.7091907143847267,0.6895609418274549,0.6965267997395966,0.008969685262476063,16
11,0.5309829711914062,0.09415816642089114,0.009210030237833658,0.0022828174636731,20,300,0.05564444444444445,gbdt,"{'num_leaves': 20, 'max_depth': 300, 'learning_rate': 0.05564444444444445, 'boosting_type': 'gbdt'}",0.6877469084541833,0.6966866796429737,0.6835501021505646,0.6893278967492406,0.0054782637179644576,36
12,1.0269264380137126,0.0446029024537993,0.011666218439737955,0.0009424598541555486,160,152,0.44445555555555555,goss,"{'num_leaves': 160, 'max_depth': 152, 'learning_rate': 0.44445555555555555, 'boosting_type': 'goss'}",0.48830912915923785,0.48615237614472184,0.4694011557713448,0.4812875536917682,0.008450946200806546,83
13,0.32671793301900226,0.05690307557722353,0.006652037302652995,0.0004932307592716905,300,5,0.5,goss,"{'num_leaves': 300, 'max_depth': 5, 'learning_rate': 0.5, 'boosting_type': 'goss'}",0.5559203188109638,0.5718949638279203,0.5603919710077374,0.5627357512155405,0.006728907791576578,71
14,3.288132905960083,0.47430753791925095,0.031729539235432945,0.0028499936814958228,300,300,0.44445555555555555,gbdt,"{'num_leaves': 300, 'max_depth': 300, 'learning_rate': 0.44445555555555555, 'boosting_type': 'gbdt'}",0.6332264624324904,0.6494246696646011,0.6191403504113435,0.6339304941694783,0.012373540147516978,61
15,1.945841948191325,0.20976067279393906,0.01952203114827474,0.0018668905548097337,160,226,0.11118888888888889,gbdt,"{'num_leaves': 160, 'max_depth': 226, 'learning_rate': 0.11118888888888889, 'boosting_type': 'gbdt'}",0.7000039567883742,0.7124837189780735,0.6937816218658652,0.7020897658774375,0.007776248399909042,6
16,1.1648277441660564,0.055955040414848986,0.01342010498046875,0.001738124270131224,160,152,0.16673333333333332,goss,"{'num_leaves': 160, 'max_depth': 152, 'learning_rate': 0.16673333333333332, 'boosting_type': 'goss'}",0.6703537496933039,0.6776062621994265,0.6637696971189047,0.670576569670545,0.0056509509443734484,48
17,1.3595742384592693,0.2634834851101287,0.025115410486857098,0.013474654182470831,90,226,0.11118888888888889,goss,"{'num_leaves': 90, 'max_depth': 226, 'learning_rate': 0.11118888888888889, 'boosting_type': 'goss'}",0.6931977908477371,0.70601223739088,0.687182132948817,0.6954640537291447,0.007852607588586299,18
18,1.4316484928131104,0.04107987067518012,0.013203144073486328,0.002518777476834122,300,300,0.3889111111111111,goss,"{'num_leaves': 300, 'max_depth': 300, 'learning_rate': 0.3889111111111111, 'boosting_type': 'goss'}",0.5505307164125346,0.5583680394490851,0.5381464294479261,0.5490150617698486,0.008324713588933646,76
19,2.9659886360168457,0.2193962087743958,0.00921932856241862,0.0008014754014528933,230,226,0.0001,dart,"{'num_leaves': 230, 'max_depth': 226, 'learning_rate': 0.0001, 'boosting_type': 'dart'}",-1.6009630945794866,-1.6210215254704958,-1.584398976054282,-1.6021278653680884,0.014973761488644948,96
20,0.4371405442555745,0.00494076116488575,0.006399472554524739,0.00042444687356400356,20,152,0.2778222222222222,dart,"{'num_leaves': 20, 'max_depth': 152, 'learning_rate': 0.2778222222222222, 'boosting_type': 'dart'}",0.6921919432176308,0.6993252222240414,0.6902192583175835,0.6939121412530852,0.003911432442410706,26
21,1.2173631191253662,0.16288745613960784,0.013633330663045248,0.0034349586469964977,300,152,0.44445555555555555,goss,"{'num_leaves': 300, 'max_depth': 152, 'learning_rate': 0.44445555555555555, 'boosting_type': 'goss'}",0.5239257142934861,0.5019950063881548,0.4503725397326904,0.4920977534714437,0.030832710805957675,81
22,1.3060191472371419,0.10561496151189693,0.013198216756184896,0.000842619186767213,300,226,0.5,goss,"{'num_leaves': 300, 'max_depth': 226, 'learning_rate': 0.5, 'boosting_type': 'goss'}",0.4159405635008654,0.4266108200742954,0.3960467549972967,0.4128660461908192,0.012665702007786843,86
23,0.37639466921488446,0.08235290591263172,0.00818483034769694,0.0015365630646366013,20,5,0.5,goss,"{'num_leaves': 20, 'max_depth': 5, 'learning_rate': 0.5, 'boosting_type': 'goss'}",0.5686080430451794,0.5549208513644329,0.5552491978558247,0.5595926974218124,0.006376221210412698,73
24,1.0737732251485188,0.08763140490961209,0.014937639236450195,0.003233657210405914,230,152,0.5,goss,"{'num_leaves': 230, 'max_depth': 152, 'learning_rate': 0.5, 'boosting_type': 'goss'}",0.43057060283105053,0.4099266500702514,0.3830246763005093,0.40784064306727047,0.01946650715672555,89
25,1.185116449991862,0.04701604995721935,0.012862443923950195,0.0012417070935502208,230,78,0.05564444444444445,goss,"{'num_leaves': 230, 'max_depth': 78, 'learning_rate': 0.05564444444444445, 'boosting_type': 'goss'}",0.7011177392387651,0.7086398242764642,0.6957878185011191,0.7018484606721161,0.005272189834230473,7
26,2.9193292458852134,0.2560556438215322,0.014770428339640299,0.0028095086896243295,230,78,0.22227777777777777,dart,"{'num_leaves': 230, 'max_depth': 78, 'learning_rate': 0.22227777777777777, 'boosting_type': 'dart'}",0.6902440632851653,0.7040610302869437,0.6927554246663956,0.6956868394128349,0.006009550099288587,17
27,2.2541680335998535,0.19654413220303518,0.026733239491780598,0.0017643822436264063,230,226,0.5,gbdt,"{'num_leaves': 230, 'max_depth': 226, 'learning_rate': 0.5, 'boosting_type': 'gbdt'}",0.6376854462602715,0.6302619308762637,0.6151198437679122,0.6276890736348159,0.009390289301523004,64
28,0.3218398094177246,0.017630114646405137,0.006466865539550781,0.0004966618963923203,20,78,0.44445555555555555,gbdt,"{'num_leaves': 20, 'max_depth': 78, 'learning_rate': 0.44445555555555555, 'boosting_type': 'gbdt'}",0.6796751189653583,0.6846479298105654,0.6625774609085582,0.6756335032281605,0.009452597269674616,45
29,0.43406152725219727,0.017163305618529644,0.006099621454874675,0.0008064456033626463,160,5,0.05564444444444445,dart,"{'num_leaves': 160, 'max_depth': 5, 'learning_rate': 0.05564444444444445, 'boosting_type': 'dart'}",0.5003069125246543,0.5281958168772003,0.5257579020787961,0.5180868771602168,0.012611666925839267,79
30,0.36110560099283856,0.03004034939284502,0.006805022557576497,0.0005068808273712522,20,152,0.05564444444444445,gbdt,"{'num_leaves': 20, 'max_depth': 152, 'learning_rate': 0.05564444444444445, 'boosting_type': 'gbdt'}",0.6877469084541833,0.6966866796429737,0.6835501021505646,0.6893278967492406,0.0054782637179644576,36
31,1.8796534538269043,0.10455522138279263,0.007467508316040039,0.0004440366658165619,160,78,0.0001,goss,"{'num_leaves': 160, 'max_depth': 78, 'learning_rate': 0.0001, 'boosting_type': 'goss'}",0.012454145033689357,0.013164839141508122,0.01155366168821903,0.012390881954472169,0.0006592798391127555,93
32,1.617068926493327,0.17693937731809517,0.015349706013997396,0.004381193966119097,90,300,0.05564444444444445,gbdt,"{'num_leaves': 90, 'max_depth': 300, 'learning_rate': 0.05564444444444445, 'boosting_type': 'gbdt'}",0.7060044000106466,0.7175440801418973,0.7013251585809417,0.7082912129111619,0.006815936672318293,1
33,1.4058717886606853,0.2543610567844622,0.01778109868367513,0.003258839488628554,90,78,0.2778222222222222,gbdt,"{'num_leaves': 90, 'max_depth': 78, 'learning_rate': 0.2778222222222222, 'boosting_type': 'gbdt'}",0.6869850031095013,0.693463241148147,0.6625917912133303,0.6810133451569929,0.013291780149044244,44
34,3.4656368096669516,0.3645262083768969,0.012185414632161459,0.000814393483348992,300,78,0.11118888888888889,dart,"{'num_leaves': 300, 'max_depth': 78, 'learning_rate': 0.11118888888888889, 'boosting_type': 'dart'}",0.6544679489243543,0.6791849743105278,0.6701426603609721,0.6679318611986181,0.010211058080577323,51
35,0.4746710459391276,0.084790480588559,0.00940561294555664,0.0018224863508065872,300,5,0.5,dart,"{'num_leaves': 300, 'max_depth': 5, 'learning_rate': 0.5, 'boosting_type': 'dart'}",0.6930220855458001,0.7009099758272859,0.690211554979124,0.6947145387840701,0.004528601744018692,20
36,0.34719276428222656,0.04264853380222477,0.00676727294921875,0.0009575802764612118,300,5,0.33336666666666664,goss,"{'num_leaves': 300, 'max_depth': 5, 'learning_rate': 0.33336666666666664, 'boosting_type': 'goss'}",0.6515868018415469,0.649579508833694,0.6304115367844066,0.6438592824865492,0.009544237516497016,60
37,0.384731928507487,0.012581225632996957,0.007790724436442058,0.0004804060154213568,20,300,0.11118888888888889,goss,"{'num_leaves': 20, 'max_depth': 300, 'learning_rate': 0.11118888888888889, 'boosting_type': 'goss'}",0.6963974063463605,0.7010120576958365,0.6860732851575371,0.6944942497332448,0.006245437537824298,23
38,2.018062194188436,0.08358058925174428,0.010158220926920572,0.0008598458289366019,160,152,0.11118888888888889,dart,"{'num_leaves': 160, 'max_depth': 152, 'learning_rate': 0.11118888888888889, 'boosting_type': 'dart'}",0.6594618778351273,0.6767894030023781,0.6706983581302314,0.6689832129892457,0.007177143082797064,50
39,1.3545008500417073,0.18259410279021465,0.008157571156819662,0.0029106095630668113,90,78,0.0001,goss,"{'num_leaves': 90, 'max_depth': 78, 'learning_rate': 0.0001, 'boosting_type': 'goss'}",0.012154180896434275,0.012958933211374757,0.011277369257304604,0.012130161121704544,0.0006867056842105222,94
40,1.4691650867462158,0.37100679869291914,0.014128843943277994,0.004135689507435116,90,300,0.3889111111111111,goss,"{'num_leaves': 90, 'max_depth': 300, 'learning_rate': 0.3889111111111111, 'boosting_type': 'goss'}",0.5343319700095515,0.5323254292278834,0.5064819786970645,0.5243797926448331,0.012682149122784899,78
41,1.3161052862803142,0.09344605816198379,0.015175660451253256,0.0035885339685364855,300,78,0.11118888888888889,goss,"{'num_leaves': 300, 'max_depth': 78, 'learning_rate': 0.11118888888888889, 'boosting_type': 'goss'}",0.6909486652315011,0.7040678698278322,0.6874958378735831,0.6941707909776388,0.00713884358123945,25
42,2.054145018259684,0.24294536964577637,0.02271413803100586,0.0025982580730694077,160,152,0.3889111111111111,gbdt,"{'num_leaves': 160, 'max_depth': 152, 'learning_rate': 0.3889111111111111, 'boosting_type': 'gbdt'}",0.6622937624053623,0.6559994892234484,0.6457071244958684,0.6546667920415598,0.006836724392042605,56
43,0.3529496192932129,0.008260441564194093,0.007438500722249349,0.0009089212186923198,20,152,0.11118888888888889,gbdt,"{'num_leaves': 20, 'max_depth': 152, 'learning_rate': 0.11118888888888889, 'boosting_type': 'gbdt'}",0.7015898788313131,0.7059464901978225,0.6929610461751404,0.700165805068092,0.005396074417504727,9
44,1.079345941543579,0.15348815814618083,0.015986124674479168,0.0034251901654568655,90,152,0.44445555555555555,goss,"{'num_leaves': 90, 'max_depth': 152, 'learning_rate': 0.44445555555555555, 'boosting_type': 'goss'}",0.4706204240793067,0.4929645510062488,0.4346233696393643,0.4660694482416399,0.024034099339996045,84
45,2.595792770385742,0.42623621291014857,0.011589527130126953,0.0019778689259246866,160,152,0.05564444444444445,dart,"{'num_leaves': 160, 'max_depth': 152, 'learning_rate': 0.05564444444444445, 'boosting_type': 'dart'}",0.5302612207410937,0.5621056136171345,0.5562018475652515,0.5495228939744933,0.013831670306740164,75
46,3.6283799012502036,0.045448560672540626,0.01125637690226237,4.11732311672335e-05,300,152,0.05564444444444445,dart,"{'num_leaves': 300, 'max_depth': 152, 'learning_rate': 0.05564444444444445, 'boosting_type': 'dart'}",0.5308732682210117,0.561422727102314,0.5579406782064871,0.5500788911766042,0.013654623904561194,74
47,3.099937359491984,0.05640058225991194,0.018517732620239258,0.005305266739550273,300,78,0.44445555555555555,dart,"{'num_leaves': 300, 'max_depth': 78, 'learning_rate': 0.44445555555555555, 'boosting_type': 'dart'}",0.6886004195965283,0.7008190401274225,0.6809028940650559,0.6901074512630022,0.008200267346340863,35
48,0.33479587237040204,0.02071417193130558,0.0074846744537353516,0.001235720589806258,230,5,0.3889111111111111,goss,"{'num_leaves': 230, 'max_depth': 5, 'learning_rate': 0.3889111111111111, 'boosting_type': 'goss'}",0.6279762062128946,0.6347184583995403,0.6202181931709866,0.6276376192611406,0.005924548014688535,65
49,1.0096269448598225,0.037288537090440735,0.011426528294881185,0.001349517133848119,90,226,0.33336666666666664,goss,"{'num_leaves': 90, 'max_depth': 226, 'learning_rate': 0.33336666666666664, 'boosting_type': 'goss'}",0.5836206007668022,0.5938224446570979,0.5527105374495986,0.5767178609578328,0.017479189363588048,70
50,1.2471129099527996,0.0588664726703489,0.009566386540730795,0.0005079228409215581,90,226,0.16673333333333332,dart,"{'num_leaves': 90, 'max_depth': 226, 'learning_rate': 0.16673333333333332, 'boosting_type': 'dart'}",0.6861263507928899,0.7030557768875434,0.6913988056661454,0.6935269777821929,0.00707333982360174,28
51,0.479413906733195,0.04780079859133607,0.006102641423543294,1.3532340219925285e-05,300,5,0.0001,dart,"{'num_leaves': 300, 'max_depth': 5, 'learning_rate': 0.0001, 'boosting_type': 'dart'}",-1.6012691941582733,-1.6214298709812285,-1.5845871580213822,-1.602428741053628,0.015063306107055913,97
52,1.133795181910197,0.08519381736569209,0.011327028274536133,9.078020257524337e-05,230,226,0.2778222222222222,goss,"{'num_leaves': 230, 'max_depth': 226, 'learning_rate': 0.2778222222222222, 'boosting_type': 'goss'}",0.6217642161143696,0.6286170714107854,0.6184618176674328,0.6229477017308626,0.0042294817098791565,67
53,0.577335516611735,0.16608514522532747,0.007568200429280599,0.0021428060969208964,230,5,0.05564444444444445,dart,"{'num_leaves': 230, 'max_depth': 5, 'learning_rate': 0.05564444444444445, 'boosting_type': 'dart'}",0.5003069125246543,0.5281958168772003,0.5257579020787961,0.5180868771602168,0.012611666925839267,79
54,1.3721296787261963,0.06868557405084504,0.013035058975219727,0.0019165773148136153,90,300,0.44445555555555555,goss,"{'num_leaves': 90, 'max_depth': 300, 'learning_rate': 0.44445555555555555, 'boosting_type': 'goss'}",0.4706204240793067,0.4929645510062488,0.4346233696393643,0.4660694482416399,0.024034099339996045,84
55,0.45545411109924316,0.026155119070830242,0.007401386896769206,0.0004920214871653531,20,78,0.05564444444444445,gbdt,"{'num_leaves': 20, 'max_depth': 78, 'learning_rate': 0.05564444444444445, 'boosting_type': 'gbdt'}",0.6877469084541833,0.6966866796429737,0.6835501021505646,0.6893278967492406,0.0054782637179644576,36
56,0.4819071292877197,0.005714405734209506,0.006122112274169922,0.0008297865597842813,160,5,0.0001,dart,"{'num_leaves': 160, 'max_depth': 5, 'learning_rate': 0.0001, 'boosting_type': 'dart'}",-1.6012691941582733,-1.6214298709812285,-1.5845871580213822,-1.602428741053628,0.015063306107055913,97
57,1.024109681447347,0.07480133464836677,0.011518716812133789,0.0004637876081462739,300,300,0.5,goss,"{'num_leaves': 300, 'max_depth': 300, 'learning_rate': 0.5, 'boosting_type': 'goss'}",0.4159405635008654,0.4266108200742954,0.3960467549972967,0.4128660461908192,0.012665702007786843,86
58,0.919320265452067,0.018750624535541372,0.012577056884765625,0.001910459167581242,230,300,0.22227777777777777,goss,"{'num_leaves': 230, 'max_depth': 300, 'learning_rate': 0.22227777777777777, 'boosting_type': 'goss'}",0.654949503541592,0.6636908522223214,0.6345118393419238,0.6510507317019457,0.01222712870524164,59
59,0.280261754989624,0.024359617379949627,0.006761868794759114,0.000465020483233865,90,5,0.16673333333333332,gbdt,"{'num_leaves': 90, 'max_depth': 5, 'learning_rate': 0.16673333333333332, 'boosting_type': 'gbdt'}",0.6975666502436727,0.707627022436536,0.6900689355693372,0.6984208694165153,0.007193463301519561,11
60,0.5416460831960043,0.09246669877953144,0.005813121795654297,0.00046406570299479925,20,152,0.0001,dart,"{'num_leaves': 20, 'max_depth': 152, 'learning_rate': 0.0001, 'boosting_type': 'dart'}",-1.6013790660667016,-1.621491842655593,-1.5846801274644062,-1.6025170120622336,0.015049845727799008,99
61,1.1660051345825195,0.23728072982856008,0.012522459030151367,0.0013325070981423286,300,78,0.3889111111111111,goss,"{'num_leaves': 300, 'max_depth': 78, 'learning_rate': 0.3889111111111111, 'boosting_type': 'goss'}",0.5505307164125346,0.5583680394490851,0.5381464294479261,0.5490150617698486,0.008324713588933646,76
62,1.9147203763326008,0.0835082937168876,0.011892318725585938,0.0009783582045841037,160,78,0.2778222222222222,dart,"{'num_leaves': 160, 'max_depth': 78, 'learning_rate': 0.2778222222222222, 'boosting_type': 'dart'}",0.6970016954115922,0.7084273587184635,0.695960975452768,0.7004633431942745,0.0056474142732354715,8
63,3.3816332817077637,0.21140703771429212,0.014385302861531576,0.0015361270669803696,300,152,0.22227777777777777,dart,"{'num_leaves': 300, 'max_depth': 152, 'learning_rate': 0.22227777777777777, 'boosting_type': 'dart'}",0.6906208983364506,0.7038091508722245,0.6918756854675243,0.6954352448920664,0.005943363173011952,19
64,0.4654255708058675,0.003603686579878555,0.006758530934651692,0.0004697469781763581,20,300,0.22227777777777777,dart,"{'num_leaves': 20, 'max_depth': 300, 'learning_rate': 0.22227777777777777, 'boosting_type': 'dart'}",0.6810253985257048,0.6971038007859717,0.6798211947846884,0.6859834646987882,0.007878618012545285,43
65,1.0616111755371094,0.11740073055391323,0.012603362401326498,0.0010145203397497991,160,226,0.33336666666666664,goss,"{'num_leaves': 160, 'max_depth': 226, 'learning_rate': 0.33336666666666664, 'boosting_type': 'goss'}",0.5818370078929711,0.5873254969000555,0.5701292890122629,0.5797639312684298,0.007171732772882713,69
66,2.441281716028849,0.4879829696316371,0.01002812385559082,0.002134139699670804,90,300,0.16673333333333332,dart,"{'num_leaves': 90, 'max_depth': 300, 'learning_rate': 0.16673333333333332, 'boosting_type': 'dart'}",0.6861263507928899,0.7030557768875434,0.6913988056661454,0.6935269777821929,0.00707333982360174,28
67,3.8776869773864746,1.8879501480368015,0.016205708185831707,0.010789462450959825,160,226,0.22227777777777777,dart,"{'num_leaves': 160, 'max_depth': 226, 'learning_rate': 0.22227777777777777, 'boosting_type': 'dart'}",0.6927015898615538,0.705543684110366,0.6966507903338224,0.6982986881019141,0.005370693404294905,12
68,1.173322359720866,0.12029944997417247,0.010790665944417318,0.0004411553975735768,160,300,0.05564444444444445,goss,"{'num_leaves': 160, 'max_depth': 300, 'learning_rate': 0.05564444444444445, 'boosting_type': 'goss'}",0.7002578596627677,0.7130614875374245,0.6948211506538136,0.7027134992846685,0.007646354114713389,4
69,0.28293728828430176,0.02066221522979559,0.00673214594523112,0.00045700910640524494,90,5,0.33336666666666664,gbdt,"{'num_leaves': 90, 'max_depth': 5, 'learning_rate': 0.33336666666666664, 'boosting_type': 'gbdt'}",0.6917374785243959,0.701554734153816,0.681992789632138,0.6917616674367834,0.007986148725341608,31
70,2.2249433994293213,0.10351912839447941,0.025403261184692383,0.0016886630808258195,230,152,0.33336666666666664,gbdt,"{'num_leaves': 230, 'max_depth': 152, 'learning_rate': 0.33336666666666664, 'boosting_type': 'gbdt'}",0.6624345518384918,0.6612205986330071,0.6544573363444293,0.6593708289386427,0.0035095325141030168,54
71,0.4402784506479899,0.020627000278270694,0.006084362665812175,6.992708494650185e-06,20,300,0.16673333333333332,dart,"{'num_leaves': 20, 'max_depth': 300, 'learning_rate': 0.16673333333333332, 'boosting_type': 'dart'}",0.6669135465533654,0.6844795625581697,0.6701697671063102,0.673854292072615,0.007629898327883225,46
72,1.6211820443471272,0.09066775163670805,0.02101023991902669,0.002717750170336329,160,300,0.3889111111111111,gbdt,"{'num_leaves': 160, 'max_depth': 300, 'learning_rate': 0.3889111111111111, 'boosting_type': 'gbdt'}",0.6622937624053623,0.6559994892234484,0.6457071244958684,0.6546667920415598,0.006836724392042605,56
73,0.9524269104003906,0.026604846749644986,0.010844071706136068,0.0009351258184712257,300,152,0.5,goss,"{'num_leaves': 300, 'max_depth': 152, 'learning_rate': 0.5, 'boosting_type': 'goss'}",0.4159405635008654,0.4266108200742954,0.3960467549972967,0.4128660461908192,0.012665702007786843,86
74,1.9036309719085693,0.02840723734734032,0.011186043421427408,4.032321645113904e-05,160,300,0.33336666666666664,dart,"{'num_leaves': 160, 'max_depth': 300, 'learning_rate': 0.33336666666666664, 'boosting_type': 'dart'}",0.6994375856017978,0.7044651692680491,0.6896986614560823,0.6978671387753098,0.006129826841835989,14
75,2.9618545373280845,0.1208419590136192,0.015599568684895834,0.00047252454549221226,300,226,0.5,dart,"{'num_leaves': 300, 'max_depth': 226, 'learning_rate': 0.5, 'boosting_type': 'dart'}",0.6882089582003993,0.693942625715107,0.6774281809113363,0.6865265882756142,0.006846142379328845,40
76,0.28714458147684735,0.010430650065529594,0.00812069574991862,0.0022670174265430752,90,5,0.5,goss,"{'num_leaves': 90, 'max_depth': 5, 'learning_rate': 0.5, 'boosting_type': 'goss'}",0.5559203188109638,0.5718949638279203,0.5603919710077374,0.5627357512155405,0.006728907791576578,71
77,2.2017977237701416,0.11999731914404198,0.02071801821390788,0.0004936153042157861,230,78,0.11118888888888889,gbdt,"{'num_leaves': 230, 'max_depth': 78, 'learning_rate': 0.11118888888888889, 'boosting_type': 'gbdt'}",0.6878762193739132,0.7055980743776067,0.6906423758524793,0.6947055565346664,0.007784519430042238,22
78,0.35771958033243817,0.019293119744877834,0.00742793083190918,0.0004737325371118488,160,5,0.5,dart,"{'num_leaves': 160, 'max_depth': 5, 'learning_rate': 0.5, 'boosting_type': 'dart'}",0.6930220855458001,0.7009099758272859,0.690211554979124,0.6947145387840701,0.004528601744018692,20
79,1.0125153064727783,0.0266638282182699,0.013192574183146158,0.0022973822719615823,300,152,0.22227777777777777,goss,"{'num_leaves': 300, 'max_depth': 152, 'learning_rate': 0.22227777777777777, 'boosting_type': 'goss'}",0.6639941627275119,0.6593879986847807,0.6488449879745748,0.6574090497956224,0.0063409543421150795,55
80,0.30983694394429523,0.027839845388188973,0.007825851440429688,0.0004777061570744735,160,5,0.33336666666666664,gbdt,"{'num_leaves': 160, 'max_depth': 5, 'learning_rate': 0.33336666666666664, 'boosting_type': 'gbdt'}",0.6917374785243959,0.701554734153816,0.681992789632138,0.6917616674367834,0.007986148725341608,31
81,0.2978755633036296,0.028620178340165257,0.007109165191650391,2.0699895926616898e-05,160,5,0.11118888888888889,goss,"{'num_leaves': 160, 'max_depth': 5, 'learning_rate': 0.11118888888888889, 'boosting_type': 'goss'}",0.6901427626304419,0.705325334910025,0.6841805699146458,0.6932162224850376,0.008901681050446288,30
82,0.9733530680338541,0.040572506171594004,0.011491854985555014,0.0004214627456056898,160,78,0.16673333333333332,goss,"{'num_leaves': 160, 'max_depth': 78, 'learning_rate': 0.16673333333333332, 'boosting_type': 'goss'}",0.6703537496933039,0.6776062621994265,0.6637696971189047,0.670576569670545,0.0056509509443734484,48
83,0.9960841337839762,0.04309344777626336,0.011511405309041342,0.0004804256173149743,90,152,0.3889111111111111,gbdt,"{'num_leaves': 90, 'max_depth': 152, 'learning_rate': 0.3889111111111111, 'boosting_type': 'gbdt'}",0.663868425084857,0.6762459548766918,0.6506450653648683,0.6635864817754723,0.010453420651360285,52
84,1.0856932799021404,0.12706251063528032,0.012238581975301107,6.128620053909043e-05,90,152,0.5,gbdt,"{'num_leaves': 90, 'max_depth': 152, 'learning_rate': 0.5, 'boosting_type': 'gbdt'}",0.6330857761617641,0.6488388948979105,0.613010402518225,0.6316450245259665,0.014662356347857472,62
85,1.47895614306132,0.16159345593167362,0.012558778127034506,0.0021237661946714665,300,78,0.2778222222222222,goss,"{'num_leaves': 300, 'max_depth': 78, 'learning_rate': 0.2778222222222222, 'boosting_type': 'goss'}",0.6277063558329855,0.6485746636602172,0.6154033893139271,0.6305614696023766,0.013691776520143655,63
86,0.9626232782999674,0.04005528403930927,0.011138200759887695,0.0008484926555965398,90,226,0.44445555555555555,gbdt,"{'num_leaves': 90, 'max_depth': 226, 'learning_rate': 0.44445555555555555, 'boosting_type': 'gbdt'}",0.6546470774109594,0.6620769352996907,0.6431445343691573,0.6532895156932691,0.007788503562371871,58
87,0.38489437103271484,0.006982612369006827,0.006725231806437175,0.0009013276890650318,230,5,0.33336666666666664,dart,"{'num_leaves': 230, 'max_depth': 5, 'learning_rate': 0.33336666666666664, 'boosting_type': 'dart'}",0.6928724189624975,0.7141065064456478,0.6874752088120292,0.6981513780733914,0.011495131154347124,13
88,0.2858603000640869,0.016571817624886756,0.007800896962483724,0.0005103544218130946,20,5,0.44445555555555555,goss,"{'num_leaves': 20, 'max_depth': 5, 'learning_rate': 0.44445555555555555, 'boosting_type': 'goss'}",0.5965285345049371,0.6113883084604415,0.5951232454530351,0.6010133628061379,0.007358592815077405,68
89,3.3745182355244956,0.29576452235076733,0.011711041132609049,0.002561507835684071,300,152,0.0001,dart,"{'num_leaves': 300, 'max_depth': 152, 'learning_rate': 0.0001, 'boosting_type': 'dart'}",-1.6009580132914625,-1.621005129082369,-1.5843589425860332,-1.6021073616532882,0.014982801193895204,95
90,3.21669602394104,0.22664878584626985,0.01733231544494629,0.0009425725271678055,300,226,0.44445555555555555,dart,"{'num_leaves': 300, 'max_depth': 226, 'learning_rate': 0.44445555555555555, 'boosting_type': 'dart'}",0.6878775350748977,0.7030362748295149,0.6809028940650559,0.6906055679898229,0.009239525915140073,34
91,1.289395809173584,0.06370089223796283,0.010666290918986002,0.0023558964421736264,90,152,0.22227777777777777,dart,"{'num_leaves': 90, 'max_depth': 152, 'learning_rate': 0.22227777777777777, 'boosting_type': 'dart'}",0.6934740048469765,0.7070895331829159,0.6986229522378904,0.6997288300892609,0.005613250830745998,10
92,1.9836637179056804,0.16819817683709823,0.01366750399271647,0.0004718213658509859,160,152,0.05564444444444445,gbdt,"{'num_leaves': 160, 'max_depth': 152, 'learning_rate': 0.05564444444444445, 'boosting_type': 'gbdt'}",0.7025819846726666,0.7179418448225098,0.6998211539670488,0.706781661154075,0.007971525206682768,2
93,1.0133337179819744,0.00946356999724115,0.0106657346089681,0.0004715954985408437,160,78,0.05564444444444445,goss,"{'num_leaves': 160, 'max_depth': 78, 'learning_rate': 0.05564444444444445, 'boosting_type': 'goss'}",0.7002578596627677,0.7130614875374245,0.6948211506538136,0.7027134992846685,0.007646354114713389,4
94,0.40166672070821124,0.004496963613805606,0.006667931874593099,0.0004722698476006887,20,300,0.44445555555555555,dart,"{'num_leaves': 20, 'max_depth': 300, 'learning_rate': 0.44445555555555555, 'boosting_type': 'dart'}",0.6987328381753469,0.7048003281878517,0.6893413077787578,0.6976248247139855,0.006359564889472329,15
95,0.3696657021840413,0.01892745071984134,0.009000062942504883,0.0014141111148338894,20,152,0.11118888888888889,goss,"{'num_leaves': 20, 'max_depth': 152, 'learning_rate': 0.11118888888888889, 'boosting_type': 'goss'}",0.6963974063463605,0.7010120576958365,0.6860732851575371,0.6944942497332448,0.006245437537824298,23
96,0.9443326791127523,0.05380656384334473,0.010666290918986002,0.0004714827453418679,300,226,0.44445555555555555,goss,"{'num_leaves': 300, 'max_depth': 226, 'learning_rate': 0.44445555555555555, 'boosting_type': 'goss'}",0.5239257142934861,0.5019950063881548,0.4503725397326904,0.4920977534714437,0.030832710805957675,81
97,0.982332706451416,0.048582349798384196,0.01133267084757487,0.000471763814700398,230,226,0.5,goss,"{'num_leaves': 230, 'max_depth': 226, 'learning_rate': 0.5, 'boosting_type': 'goss'}",0.43057060283105053,0.4099266500702514,0.3830246763005093,0.40784064306727047,0.01946650715672555,89
98,2.3766671816507974,0.13993904198499488,0.014998992284138998,0.0008165347841908895,230,78,0.05564444444444445,gbdt,"{'num_leaves': 230, 'max_depth': 78, 'learning_rate': 0.05564444444444445, 'boosting_type': 'gbdt'}",0.7005723011180138,0.7103548381210365,0.6985869781333638,0.7031713724574713,0.005143734767854924,3
99,0.41266576449076336,0.02369682651878541,0.008999824523925781,0.0016328748385508807,90,5,0.16673333333333332,goss,"{'num_leaves': 90, 'max_depth': 5, 'learning_rate': 0.16673333333333332, 'boosting_type': 'goss'}",0.6902994777331519,0.6957000029362599,0.6792466660076908,0.6884153822257009,0.006847891935097098,39
