,mean_fit_time,std_fit_time,mean_score_time,std_score_time,param_num_leaves,param_max_depth,param_learning_rate,param_boosting_type,params,split0_test_score,split1_test_score,split2_test_score,mean_test_score,std_test_score,rank_test_score
0,7.039446989695231,2.6757247324196225,0.036514679590861,0.007027224178946304,90,152,0.5,goss,"{'num_leaves': 90, 'max_depth': 152, 'learning_rate': 0.5, 'boosting_type': 'goss'}",0.5062777696622484,0.48449181860449486,0.4492486008871782,0.48000606305130716,0.023497134931108436,91
1,10.650955518086752,0.42689035926112107,0.12572836875915527,0.08754835284394155,230,152,0.2778222222222222,gbdt,"{'num_leaves': 230, 'max_depth': 152, 'learning_rate': 0.2778222222222222, 'boosting_type': 'gbdt'}",0.7443472717877921,0.7295095827142786,0.7317626532582735,0.7352065025867814,0.00652862047238487,45
2,4.07360053062439,0.05949400413538864,0.023996671040852863,0.0065330602748399375,90,78,0.3889111111111111,gbdt,"{'num_leaves': 90, 'max_depth': 78, 'learning_rate': 0.3889111111111111, 'boosting_type': 'gbdt'}",0.7358106224892125,0.7248471287420886,0.7125168409324365,0.7243915307212458,0.009515101750065383,51
3,11.665554602940878,0.10260778505223077,0.018784046173095703,0.003692327321924672,300,78,0.0001,goss,"{'num_leaves': 300, 'max_depth': 78, 'learning_rate': 0.0001, 'boosting_type': 'goss'}",0.013919811162727447,0.013699213846964153,0.014058557804008331,0.013892527604566643,0.00014796466757411482,92
4,9.938441356023153,0.24807880412859112,0.05541872978210449,0.006184590408152828,230,152,0.16673333333333332,gbdt,"{'num_leaves': 230, 'max_depth': 152, 'learning_rate': 0.16673333333333332, 'boosting_type': 'gbdt'}",0.7603855137294442,0.7457294359727179,0.7385988395384107,0.7482379297468574,0.009069516666200567,33
5,1.2397584120432537,0.010178641081311458,0.015820662180582683,0.0002888506000494497,20,152,0.16673333333333332,goss,"{'num_leaves': 20, 'max_depth': 152, 'learning_rate': 0.16673333333333332, 'boosting_type': 'goss'}",0.755839633031422,0.7497819727085849,0.7275285375046914,0.744383381081566,0.012172047928139973,43
6,1.3724732398986816,0.04144755613358177,0.0104524294535319,0.007391108956046063,20,78,0.2778222222222222,dart,"{'num_leaves': 20, 'max_depth': 78, 'learning_rate': 0.2778222222222222, 'boosting_type': 'dart'}",0.7625050158050835,0.7460019935164945,0.7433483939944276,0.7506184677720018,0.008474586153629959,26
7,1.3578446706136067,0.015031252504626174,0.010420481363932291,0.007368395836025111,20,78,0.0001,dart,"{'num_leaves': 20, 'max_depth': 78, 'learning_rate': 0.0001, 'boosting_type': 'dart'}",-1.558302614682956,-1.5715013501613413,-1.61368001431523,-1.581161326386509,0.02361709060562214,99
8,17.396048227945965,4.480958913204849,0.07093127568562825,0.01655964405555603,300,152,0.5,gbdt,"{'num_leaves': 300, 'max_depth': 152, 'learning_rate': 0.5, 'boosting_type': 'gbdt'}",0.7001607692257966,0.6832017809997546,0.6822469669710329,0.6885365057321948,0.008228833201366822,66
9,11.670130729675293,0.14570410417800295,0.05628196398417155,0.011375973649412832,300,78,0.11118888888888889,gbdt,"{'num_leaves': 300, 'max_depth': 78, 'learning_rate': 0.11118888888888889, 'boosting_type': 'gbdt'}",0.7669083991029066,0.748756138030199,0.7396381606616451,0.7517675659315836,0.011334843026842576,20
10,4.243212620417277,0.14346667088951884,0.03130133946736654,0.009033185871044201,230,152,0.11118888888888889,goss,"{'num_leaves': 230, 'max_depth': 152, 'learning_rate': 0.11118888888888889, 'boosting_type': 'goss'}",0.7610757062268103,0.7442528452267223,0.7435314960323716,0.7496200158286347,0.008105747674302347,29
11,1.1958177089691162,0.03634994997618836,0.016274531682332356,0.0009738004887652911,20,300,0.05564444444444445,gbdt,"{'num_leaves': 20, 'max_depth': 300, 'learning_rate': 0.05564444444444445, 'boosting_type': 'gbdt'}",0.7542318899952283,0.7459624400109112,0.7344267336142665,0.7448736878734685,0.008121990344374845,39
12,1.663780927658081,0.23522006983544722,0.01271216074625651,0.0010871330243710667,160,152,0.44445555555555555,goss,"{'num_leaves': 160, 'max_depth': 152, 'learning_rate': 0.44445555555555555, 'boosting_type': 'goss'}",0.5847453055420038,0.5648553463630652,0.5592063862116758,0.5696023460389149,0.010953221887710706,79
13,0.8028317292531332,0.37523871003434556,0.020925362904866535,0.00917209315633517,300,5,0.5,goss,"{'num_leaves': 300, 'max_depth': 5, 'learning_rate': 0.5, 'boosting_type': 'goss'}",0.640285970851175,0.6282888473782009,0.6244020670233064,0.6309922950842274,0.0067604769224101375,72
14,9.99918500582377,1.0248319857530968,0.11146402359008789,0.005337227075643852,300,300,0.44445555555555555,gbdt,"{'num_leaves': 300, 'max_depth': 300, 'learning_rate': 0.44445555555555555, 'boosting_type': 'gbdt'}",0.7144835350743604,0.7006689275509788,0.6941309171335688,0.7030944599196359,0.008484089804432398,61
15,5.445711374282837,0.10945593628895037,0.07305947939554851,0.004424333772957769,160,226,0.11118888888888889,gbdt,"{'num_leaves': 160, 'max_depth': 226, 'learning_rate': 0.11118888888888889, 'boosting_type': 'gbdt'}",0.7725370735709488,0.7575299844836352,0.7543147446555803,0.7614606009033881,0.00794147873947885,4
16,3.04087766011556,0.01802013874483793,0.04288276036580404,0.0013100323211901392,160,152,0.16673333333333332,goss,"{'num_leaves': 160, 'max_depth': 152, 'learning_rate': 0.16673333333333332, 'boosting_type': 'goss'}",0.7432195560825285,0.7289072366801842,0.7258495074279765,0.7326587667302297,0.007571223188392235,47
17,2.848578929901123,0.04316961244104772,0.04260134696960449,0.0024532443759514213,90,226,0.11118888888888889,goss,"{'num_leaves': 90, 'max_depth': 226, 'learning_rate': 0.11118888888888889, 'boosting_type': 'goss'}",0.7633708395145314,0.7477393256635763,0.7406307342446129,0.7505802998075736,0.00949847171871665,28
18,3.424884637196859,0.28696762785608787,0.0498513380686442,0.012428596726700106,300,300,0.3889111111111111,goss,"{'num_leaves': 300, 'max_depth': 300, 'learning_rate': 0.3889111111111111, 'boosting_type': 'goss'}",0.6314296247724253,0.6175905624223383,0.6066167800016431,0.6185456557321355,0.010152289358482893,74
19,8.718383312225342,0.36211035421937615,0.03131294250488281,0.0006418178847710702,230,226,0.0001,dart,"{'num_leaves': 230, 'max_depth': 226, 'learning_rate': 0.0001, 'boosting_type': 'dart'}",-1.5575662003229835,-1.570745154533467,-1.6130111203156026,-1.580440825057351,0.023650783051557607,96
20,1.2872504393259685,0.2689581186736962,0.018315235773722332,0.008061758095003221,20,152,0.2778222222222222,dart,"{'num_leaves': 20, 'max_depth': 152, 'learning_rate': 0.2778222222222222, 'boosting_type': 'dart'}",0.7625050158050835,0.7460019935164945,0.7433483939944276,0.7506184677720018,0.008474586153629959,26
21,2.889364004135132,0.4929909694419754,0.052359580993652344,0.007458566843546538,300,152,0.44445555555555555,goss,"{'num_leaves': 300, 'max_depth': 152, 'learning_rate': 0.44445555555555555, 'boosting_type': 'goss'}",0.570922067733219,0.5714115911100784,0.5411627333934301,0.5611654640789092,0.01414547829852298,80
22,3.0542487303415933,0.026719397955869487,0.04714059829711914,0.00018190894906860232,300,226,0.5,goss,"{'num_leaves': 300, 'max_depth': 226, 'learning_rate': 0.5, 'boosting_type': 'goss'}",0.5421971086973012,0.5164544692009351,0.49522724006589214,0.5179596059880428,0.01920488162549451,86
23,0.8181288242340088,0.0184338970639973,0.02901299794514974,0.00344479432718607,20,5,0.5,goss,"{'num_leaves': 20, 'max_depth': 5, 'learning_rate': 0.5, 'boosting_type': 'goss'}",0.6529950211463893,0.6438909355220725,0.601620847878934,0.6328356015157987,0.02238290608509594,71
24,6.538899978001912,3.0906052815245837,0.039872964223225914,0.01763056059736017,230,152,0.5,goss,"{'num_leaves': 230, 'max_depth': 152, 'learning_rate': 0.5, 'boosting_type': 'goss'}",0.5083082520157638,0.5091824765694257,0.4891909844003397,0.5022272376618431,0.009224929682337216,89
25,5.665049155553182,2.263506290923828,0.018683354059855144,0.0043138766112502695,230,78,0.05564444444444445,goss,"{'num_leaves': 230, 'max_depth': 78, 'learning_rate': 0.05564444444444445, 'boosting_type': 'goss'}",0.763750831111602,0.7494531257902227,0.7436637214194598,0.7522892261070949,0.008442179525121073,19
26,9.172929366429647,1.417311225143119,0.04053338368733724,0.013318224549698452,230,78,0.22227777777777777,dart,"{'num_leaves': 230, 'max_depth': 78, 'learning_rate': 0.22227777777777777, 'boosting_type': 'dart'}",0.7588445634461901,0.7523500540204954,0.747065399473328,0.7527533389800044,0.004817271360692217,18
27,9.769636551539103,1.5574304028495292,0.07329003016153972,0.026897983412181612,230,226,0.5,gbdt,"{'num_leaves': 230, 'max_depth': 226, 'learning_rate': 0.5, 'boosting_type': 'gbdt'}",0.7019345480764376,0.6928742241996342,0.6795870951398251,0.6914652891386323,0.009177544576959518,63
28,1.1162450313568115,0.012801566572003358,0.010417938232421875,0.0073665952048172995,20,78,0.44445555555555555,gbdt,"{'num_leaves': 20, 'max_depth': 78, 'learning_rate': 0.44445555555555555, 'boosting_type': 'gbdt'}",0.7491488272046106,0.73091633554884,0.7246364158090993,0.7349005261875167,0.0103961502294419,46
29,1.5884324709574382,0.11353723993879651,0.015661160151163738,5.350937801453435e-05,160,5,0.05564444444444445,dart,"{'num_leaves': 160, 'max_depth': 5, 'learning_rate': 0.05564444444444445, 'boosting_type': 'dart'}",0.5588763554031164,0.5455039985856913,0.5498138080633526,0.5513980540173867,0.005572991904132478,82
30,1.2858937581380208,0.10248036249919587,0.01361989974975586,0.0028327810471308894,20,152,0.05564444444444445,gbdt,"{'num_leaves': 20, 'max_depth': 152, 'learning_rate': 0.05564444444444445, 'boosting_type': 'gbdt'}",0.7542318899952283,0.7459624400109112,0.7344267336142665,0.7448736878734685,0.008121990344374845,39
31,7.303832530975342,0.11419737668135554,0.01560052235921224,5.661000799145782e-05,160,78,0.0001,goss,"{'num_leaves': 160, 'max_depth': 78, 'learning_rate': 0.0001, 'boosting_type': 'goss'}",0.013648060270283535,0.013525465057405706,0.013841258203816764,0.013671594510502002,0.000129991597618319,93
32,4.503688335418701,0.3155204322431928,0.0314629872639974,0.0129681648727149,90,300,0.05564444444444445,gbdt,"{'num_leaves': 90, 'max_depth': 300, 'learning_rate': 0.05564444444444445, 'boosting_type': 'gbdt'}",0.7769315864814728,0.7630789431957798,0.7581274897496225,0.766046006475625,0.007958270827893436,1
33,4.590451081593831,0.36455981319045117,0.031374057133992515,0.00011076971545627571,90,78,0.2778222222222222,gbdt,"{'num_leaves': 90, 'max_depth': 78, 'learning_rate': 0.2778222222222222, 'boosting_type': 'gbdt'}",0.7565847657462332,0.7373634186957898,0.7316175505098044,0.7418552449839425,0.010676230193526362,44
34,12.191396951675415,0.08737867501057096,0.021071592966715496,0.007196941847035437,300,78,0.11118888888888889,dart,"{'num_leaves': 300, 'max_depth': 78, 'learning_rate': 0.11118888888888889, 'boosting_type': 'dart'}",0.72989075648771,0.7164538889392066,0.7154026082098848,0.7205824178789338,0.006595967128212304,54
35,1.2106735706329346,0.00030750470071495145,0.015869696935017902,0.0002663516738588794,300,5,0.5,dart,"{'num_leaves': 300, 'max_depth': 5, 'learning_rate': 0.5, 'boosting_type': 'dart'}",0.7629189830882941,0.7587017442187303,0.7464094382875053,0.7560100551981765,0.0070035781197823116,13
36,0.932613213857015,0.007395107417751605,0.01061574618021647,0.007510603848485775,300,5,0.33336666666666664,goss,"{'num_leaves': 300, 'max_depth': 5, 'learning_rate': 0.33336666666666664, 'boosting_type': 'goss'}",0.7132251130285853,0.7061385853583572,0.6885458623279408,0.7026365202382944,0.010375120846370427,62
37,1.255764404932658,0.022655846863679923,0.015662590662638348,5.333416449979168e-05,20,300,0.11118888888888889,goss,"{'num_leaves': 20, 'max_depth': 300, 'learning_rate': 0.11118888888888889, 'boosting_type': 'goss'}",0.7617707903263745,0.748751403259122,0.742802190121753,0.7511081279024164,0.007921176752390843,21
38,7.5746705532073975,0.01468463787398853,0.02611565589904785,0.00742644343852966,160,152,0.11118888888888889,dart,"{'num_leaves': 160, 'max_depth': 152, 'learning_rate': 0.11118888888888889, 'boosting_type': 'dart'}",0.7308962772684382,0.72142736278369,0.7199249839193164,0.7240828746571482,0.004856687960649676,53
39,4.54710586865743,0.03315320758424161,0.005205631256103516,0.0073618743230948825,90,78,0.0001,goss,"{'num_leaves': 90, 'max_depth': 78, 'learning_rate': 0.0001, 'boosting_type': 'goss'}",0.013279367164039768,0.013154481812906238,0.013530546166859003,0.013321465047935003,0.00015638685675767894,94
40,3.8562901814778647,0.014369958872179052,0.015633821487426758,1.8570139321562326e-06,90,300,0.3889111111111111,goss,"{'num_leaves': 90, 'max_depth': 300, 'learning_rate': 0.3889111111111111, 'boosting_type': 'goss'}",0.6146532276183232,0.5942818530820559,0.5942785435836853,0.6010712080946882,0.009603938202407658,76
41,4.645395755767822,0.05909448991160755,0.031548659006754555,0.0003226958452031297,300,78,0.11118888888888889,goss,"{'num_leaves': 300, 'max_depth': 78, 'learning_rate': 0.11118888888888889, 'boosting_type': 'goss'}",0.7574210151919741,0.7477821856329007,0.733597889627384,0.7462670301507529,0.009784583112150401,38
42,4.425776561101277,1.6288512931521495,0.03502702713012695,0.008892056353610265,160,152,0.3889111111111111,gbdt,"{'num_leaves': 160, 'max_depth': 152, 'learning_rate': 0.3889111111111111, 'boosting_type': 'gbdt'}",0.7320773978243076,0.711041221082096,0.7163797339280287,0.719832784278144,0.00892833879743651,55
43,0.5783909956614176,0.024093740087114495,0.009650071461995443,0.0032388168794773896,20,152,0.11118888888888889,gbdt,"{'num_leaves': 20, 'max_depth': 152, 'learning_rate': 0.11118888888888889, 'boosting_type': 'gbdt'}",0.7689770406466689,0.7611059090587085,0.7496633641899837,0.7599154379651204,0.00792958345425034,6
44,1.3535425662994385,0.14631552914242463,0.01379847526550293,0.0012513408758248112,90,152,0.44445555555555555,goss,"{'num_leaves': 90, 'max_depth': 152, 'learning_rate': 0.44445555555555555, 'boosting_type': 'goss'}",0.5912521084185821,0.5316736229013352,0.523267090789332,0.5487309407030831,0.030262239655547984,84
45,4.589246988296509,1.900593878206474,0.02663445472717285,0.012541478221818014,160,152,0.05564444444444445,dart,"{'num_leaves': 160, 'max_depth': 152, 'learning_rate': 0.05564444444444445, 'boosting_type': 'dart'}",0.6042918114045679,0.5891941023485289,0.5920550764582324,0.595180330070443,0.006547804328713427,78
46,10.545310974121094,0.49665553903183113,0.04713956514994303,0.005154618305044597,300,152,0.05564444444444445,dart,"{'num_leaves': 300, 'max_depth': 152, 'learning_rate': 0.05564444444444445, 'boosting_type': 'dart'}",0.6039918426940952,0.5939522793915291,0.5921069850405878,0.596683702375404,0.005222257749202856,77
47,12.002887805302938,1.0559070644094872,0.062320868174235024,0.007935270207162679,300,78,0.44445555555555555,dart,"{'num_leaves': 300, 'max_depth': 78, 'learning_rate': 0.44445555555555555, 'boosting_type': 'dart'}",0.7601100923905301,0.7471832356476842,0.7388180252548768,0.7487037844310303,0.008758694049502769,30
48,0.9313446680704752,0.06509679948467714,0.0257720152537028,0.0007475854054468604,230,5,0.3889111111111111,goss,"{'num_leaves': 230, 'max_depth': 5, 'learning_rate': 0.3889111111111111, 'boosting_type': 'goss'}",0.705225448369083,0.6785866838655662,0.6647959040356342,0.6828693454234278,0.016780800661608586,67
49,3.5646899541219077,0.1011076958625329,0.045972585678100586,0.0006836302879125397,90,226,0.33336666666666664,goss,"{'num_leaves': 90, 'max_depth': 226, 'learning_rate': 0.33336666666666664, 'boosting_type': 'goss'}",0.6548376099987384,0.615759985051131,0.6329262340538732,0.6345079430345808,0.015992530451457744,70
50,5.1849269072214765,0.2773263391377617,0.03723375002543131,0.004207263170192118,90,226,0.16673333333333332,dart,"{'num_leaves': 90, 'max_depth': 226, 'learning_rate': 0.16673333333333332, 'boosting_type': 'dart'}",0.7572193024291544,0.7439489121207064,0.7418638188430613,0.7476773444643073,0.006800667851826556,34
51,1.897262732187907,0.07330623981779757,0.022634506225585938,0.0012757089983408622,300,5,0.0001,dart,"{'num_leaves': 300, 'max_depth': 5, 'learning_rate': 0.0001, 'boosting_type': 'dart'}",-1.5581442185412522,-1.5713590435179223,-1.6136520185413827,-1.581051760200186,0.023674747907501136,97
52,3.464637517929077,0.2771499941048354,0.04596869150797526,0.0027136509646717173,230,226,0.2778222222222222,goss,"{'num_leaves': 230, 'max_depth': 226, 'learning_rate': 0.2778222222222222, 'boosting_type': 'goss'}",0.7026163549997066,0.6792787437412401,0.6844134207984683,0.6887695065131383,0.010013079342473039,65
53,1.6934048334757488,0.17634298460761916,0.02558135986328125,0.0030146107682164527,230,5,0.05564444444444445,dart,"{'num_leaves': 230, 'max_depth': 5, 'learning_rate': 0.05564444444444445, 'boosting_type': 'dart'}",0.5588763554031164,0.5455039985856913,0.5498138080633526,0.5513980540173867,0.005572991904132478,82
54,3.3317975997924805,0.17048818490155104,0.04350876808166504,0.0015940452003314156,90,300,0.44445555555555555,goss,"{'num_leaves': 90, 'max_depth': 300, 'learning_rate': 0.44445555555555555, 'boosting_type': 'goss'}",0.5912521084185821,0.5316736229013352,0.523267090789332,0.5487309407030831,0.030262239655547984,84
55,1.583711862564087,0.19585890575779064,0.026877800623575848,0.0029413334130370537,20,78,0.05564444444444445,gbdt,"{'num_leaves': 20, 'max_depth': 78, 'learning_rate': 0.05564444444444445, 'boosting_type': 'gbdt'}",0.7542318899952283,0.7459624400109112,0.7344267336142665,0.7448736878734685,0.008121990344374845,39
56,1.6322943369547527,0.17858599757448823,0.02040863037109375,0.0006172686327887615,160,5,0.0001,dart,"{'num_leaves': 160, 'max_depth': 5, 'learning_rate': 0.0001, 'boosting_type': 'dart'}",-1.5581442185412522,-1.5713590435179223,-1.6136520185413827,-1.581051760200186,0.023674747907501136,97
57,3.4566542307535806,0.12478372031764835,0.043301661809285484,0.0013401598228690414,300,300,0.5,goss,"{'num_leaves': 300, 'max_depth': 300, 'learning_rate': 0.5, 'boosting_type': 'goss'}",0.5421971086973012,0.5164544692009351,0.49522724006589214,0.5179596059880428,0.01920488162549451,86
58,3.963594913482666,0.5022564188288803,0.030961910883585613,0.009937090500227999,230,300,0.22227777777777777,goss,"{'num_leaves': 230, 'max_depth': 300, 'learning_rate': 0.22227777777777777, 'boosting_type': 'goss'}",0.7296627063003658,0.7106490459085971,0.7057689453516962,0.7153602325202199,0.010307745066540683,57
59,0.6657482782999674,0.02321162529685531,0.014205535252888998,0.0018838078054400308,90,5,0.16673333333333332,gbdt,"{'num_leaves': 90, 'max_depth': 5, 'learning_rate': 0.16673333333333332, 'boosting_type': 'gbdt'}",0.7723425002333937,0.7566158030221954,0.7466755776352209,0.7585446269636034,0.010566866462764947,7
60,1.3608574867248535,0.2673630980360949,0.009815613428751627,0.0024542352747180213,20,152,0.0001,dart,"{'num_leaves': 20, 'max_depth': 152, 'learning_rate': 0.0001, 'boosting_type': 'dart'}",-1.558302614682956,-1.5715013501613413,-1.61368001431523,-1.581161326386509,0.02361709060562214,99
61,4.080621163050334,0.09758013211140514,0.02400493621826172,9.872563777459167e-06,300,78,0.3889111111111111,goss,"{'num_leaves': 300, 'max_depth': 78, 'learning_rate': 0.3889111111111111, 'boosting_type': 'goss'}",0.6314296247724253,0.6175905624223383,0.6066167800016431,0.6185456557321355,0.010152289358482893,74
62,7.518041451772054,0.09488108377169484,0.0250546932220459,0.0009775046797596042,160,78,0.2778222222222222,dart,"{'num_leaves': 160, 'max_depth': 78, 'learning_rate': 0.2778222222222222, 'boosting_type': 'dart'}",0.7640486144741099,0.7547089469879906,0.750257680759489,0.7563384140738632,0.005746815664245342,12
63,12.107787688573202,0.013621013740924708,0.02466432253519694,0.0006165601670247083,300,152,0.22227777777777777,dart,"{'num_leaves': 300, 'max_depth': 152, 'learning_rate': 0.22227777777777777, 'boosting_type': 'dart'}",0.7584529390600965,0.7467191799328384,0.7469986555539341,0.750723591515623,0.005466664842670858,25
64,1.325343370437622,0.007556736429542085,0.015204588572184244,0.0006787891070242438,20,300,0.22227777777777777,dart,"{'num_leaves': 20, 'max_depth': 300, 'learning_rate': 0.22227777777777777, 'boosting_type': 'dart'}",0.7529890101550517,0.7493907138108902,0.7373336339784213,0.7465711193147877,0.006695037249076853,36
65,3.9717659950256348,0.03483757716352616,0.0218659241994222,0.003555149211681855,160,226,0.33336666666666664,goss,"{'num_leaves': 160, 'max_depth': 226, 'learning_rate': 0.33336666666666664, 'boosting_type': 'goss'}",0.6559801447220965,0.6379502813316278,0.6507604714033515,0.6482302991523586,0.0075749729233624795,69
66,4.1722917556762695,0.47588639500832225,0.01362911860148112,0.003934939568326806,90,300,0.16673333333333332,dart,"{'num_leaves': 90, 'max_depth': 300, 'learning_rate': 0.16673333333333332, 'boosting_type': 'dart'}",0.7572193024291544,0.7439489121207064,0.7418638188430613,0.7476773444643073,0.006800667851826556,34
67,2.099108616511027,0.14784053348816684,0.011683066685994467,0.0007249507901959011,160,226,0.22227777777777777,dart,"{'num_leaves': 160, 'max_depth': 226, 'learning_rate': 0.22227777777777777, 'boosting_type': 'dart'}",0.766186054441801,0.7517568093775238,0.7476174214514604,0.7551867617569283,0.007959144123846023,16
68,2.2259325981140137,0.7785421452470008,0.01871013641357422,0.003932941091917865,160,300,0.05564444444444445,goss,"{'num_leaves': 160, 'max_depth': 300, 'learning_rate': 0.05564444444444445, 'boosting_type': 'goss'}",0.7735079552822807,0.7519952622546131,0.7463766483427989,0.7572932886265642,0.011692697625427297,10
69,0.5209259192148844,0.0745561355827269,0.01622168223063151,0.009163347311212497,90,5,0.33336666666666664,gbdt,"{'num_leaves': 90, 'max_depth': 5, 'learning_rate': 0.33336666666666664, 'boosting_type': 'gbdt'}",0.7651968103593176,0.7511982407127923,0.7364149353170191,0.7509366621297096,0.011751606989513332,23
70,5.1812744140625,0.14716568159953428,0.04443049430847168,0.0013651113743553098,230,152,0.33336666666666664,gbdt,"{'num_leaves': 230, 'max_depth': 152, 'learning_rate': 0.33336666666666664, 'boosting_type': 'gbdt'}",0.7445455579778862,0.7172990031087672,0.7172475640526006,0.7263640417130847,0.012856290594090714,50
71,1.580757697423299,0.6238801605229389,0.023821910222371418,0.0004775833146442525,20,300,0.16673333333333332,dart,"{'num_leaves': 20, 'max_depth': 300, 'learning_rate': 0.16673333333333332, 'boosting_type': 'dart'}",0.7389760936173395,0.7265185608515461,0.7227107670160334,0.7294018071616396,0.006946224121794038,49
72,5.651298999786377,1.3341697890752986,0.03896037737528483,0.0069598130161243905,160,300,0.3889111111111111,gbdt,"{'num_leaves': 160, 'max_depth': 300, 'learning_rate': 0.3889111111111111, 'boosting_type': 'gbdt'}",0.7320773978243076,0.711041221082096,0.7163797339280287,0.719832784278144,0.00892833879743651,55
73,3.4139347076416016,0.5754339783451153,0.04348587989807129,0.0007925515795212174,300,152,0.5,goss,"{'num_leaves': 300, 'max_depth': 152, 'learning_rate': 0.5, 'boosting_type': 'goss'}",0.5421971086973012,0.5164544692009351,0.49522724006589214,0.5179596059880428,0.01920488162549451,86
74,7.803309361139934,0.15817590688471386,0.04285573959350586,0.001489395972121171,160,300,0.33336666666666664,dart,"{'num_leaves': 160, 'max_depth': 300, 'learning_rate': 0.33336666666666664, 'boosting_type': 'dart'}",0.7687718054584551,0.7574933139421665,0.7559737106057912,0.7607462766688043,0.00570871455700942,5
75,13.237675348917643,0.8065073848706713,0.061287482579549156,0.0032670607846153844,300,226,0.5,dart,"{'num_leaves': 300, 'max_depth': 226, 'learning_rate': 0.5, 'boosting_type': 'dart'}",0.7546587580947467,0.744716371305687,0.7394796941907298,0.7462849411970544,0.006295305334328416,37
76,1.0780258178710938,0.06276004618833118,0.027457157770792644,0.0012546617941595303,90,5,0.5,goss,"{'num_leaves': 90, 'max_depth': 5, 'learning_rate': 0.5, 'boosting_type': 'goss'}",0.640285970851175,0.6282888473782009,0.6244020670233064,0.6309922950842274,0.0067604769224101375,72
77,9.957275231679281,0.19810135784245012,0.07138888041178386,0.02828378468512862,230,78,0.11118888888888889,gbdt,"{'num_leaves': 230, 'max_depth': 78, 'learning_rate': 0.11118888888888889, 'boosting_type': 'gbdt'}",0.7691363402469158,0.7516655130886458,0.7469833784850379,0.7559284106068666,0.009533018065088125,15
78,1.2204711437225342,0.40083208555240163,0.02328832944234212,0.006710987951760438,160,5,0.5,dart,"{'num_leaves': 160, 'max_depth': 5, 'learning_rate': 0.5, 'boosting_type': 'dart'}",0.7629189830882941,0.7587017442187303,0.7464094382875053,0.7560100551981765,0.0070035781197823116,13
79,4.4508059819539385,0.010342760445934683,0.04543773333231608,0.0016686667772048143,300,152,0.22227777777777777,goss,"{'num_leaves': 300, 'max_depth': 152, 'learning_rate': 0.22227777777777777, 'boosting_type': 'goss'}",0.7258931065978669,0.7118944254687782,0.7042220539089712,0.7140031953252054,0.008971949393963211,59
80,1.1075704097747803,0.010921943571973814,0.028888384501139324,0.0029642111275692473,160,5,0.33336666666666664,gbdt,"{'num_leaves': 160, 'max_depth': 5, 'learning_rate': 0.33336666666666664, 'boosting_type': 'gbdt'}",0.7651968103593176,0.7511982407127923,0.7364149353170191,0.7509366621297096,0.011751606989513332,23
81,1.2228927612304688,0.2852439885361729,0.02923925717671712,0.0006023312891827285,160,5,0.11118888888888889,goss,"{'num_leaves': 160, 'max_depth': 5, 'learning_rate': 0.11118888888888889, 'boosting_type': 'goss'}",0.755501788299323,0.7449586382448002,0.7330210804520532,0.7444938356653922,0.009183593610598681,42
82,4.540198008219401,0.18248566672286518,0.04399792353312174,0.0014729333143346766,160,78,0.16673333333333332,goss,"{'num_leaves': 160, 'max_depth': 78, 'learning_rate': 0.16673333333333332, 'boosting_type': 'goss'}",0.7432195560825285,0.7289072366801842,0.7258495074279765,0.7326587667302297,0.007571223188392235,47
83,4.177974383036296,0.19457013428159986,0.04964963595072428,0.0029980481056129265,90,152,0.3889111111111111,gbdt,"{'num_leaves': 90, 'max_depth': 152, 'learning_rate': 0.3889111111111111, 'boosting_type': 'gbdt'}",0.7358106224892125,0.7248471287420886,0.7125168409324365,0.7243915307212458,0.009515101750065383,51
84,2.536911725997925,0.8431421280959396,0.03006140391031901,0.015971893842237902,90,152,0.5,gbdt,"{'num_leaves': 90, 'max_depth': 152, 'learning_rate': 0.5, 'boosting_type': 'gbdt'}",0.7275447766184712,0.7036501123752541,0.696427277160078,0.7092073887179344,0.01329754823009265,60
85,2.148357629776001,0.5019902964678941,0.019394874572753906,0.0038369843343265776,300,78,0.2778222222222222,goss,"{'num_leaves': 300, 'max_depth': 78, 'learning_rate': 0.2778222222222222, 'boosting_type': 'goss'}",0.7057290698681387,0.687764970695365,0.6805623192737679,0.6913521199457572,0.010582755270667384,64
86,2.9532389640808105,0.8581760044258316,0.038151820500691734,0.016348791601640916,90,226,0.44445555555555555,gbdt,"{'num_leaves': 90, 'max_depth': 226, 'learning_rate': 0.44445555555555555, 'boosting_type': 'gbdt'}",0.7325020823795503,0.7156826842539563,0.6940873058084351,0.7140906908139805,0.015723116677615553,58
87,1.0557846228281658,0.3432720765955041,0.021283070246378582,0.007968300784454877,230,5,0.33336666666666664,dart,"{'num_leaves': 230, 'max_depth': 5, 'learning_rate': 0.33336666666666664, 'boosting_type': 'dart'}",0.7627945043038338,0.7536664351515705,0.747915722152398,0.7547922205359341,0.006126177934416969,17
88,0.5219062169392904,0.05028563793937237,0.011417309443155924,0.004314449714596944,20,5,0.44445555555555555,goss,"{'num_leaves': 20, 'max_depth': 5, 'learning_rate': 0.44445555555555555, 'boosting_type': 'goss'}",0.6830595901049135,0.6683196473492039,0.6448474116255315,0.6654088830265495,0.015735248281942536,68
89,10.056845744450888,0.447592397462393,0.019850969314575195,0.011062002842936042,300,152,0.0001,dart,"{'num_leaves': 300, 'max_depth': 152, 'learning_rate': 0.0001, 'boosting_type': 'dart'}",-1.5575513909016414,-1.5707291119937552,-1.6130120169298596,-1.5804308399417522,0.023658161435230994,95
90,9.977021932601929,1.772297899956989,0.06217789649963379,0.006215237108019421,300,226,0.44445555555555555,dart,"{'num_leaves': 300, 'max_depth': 226, 'learning_rate': 0.44445555555555555, 'boosting_type': 'dart'}",0.7601100923905301,0.7470846244945004,0.7388180252548768,0.7486709140466358,0.008764521916404472,31
91,5.428282101949056,0.27169481082504854,0.03732649485270182,0.0008623874395866715,90,152,0.22227777777777777,dart,"{'num_leaves': 90, 'max_depth': 152, 'learning_rate': 0.22227777777777777, 'boosting_type': 'dart'}",0.7714588860058468,0.7525746562530276,0.7498990188737338,0.7579775203775361,0.009595143676169982,9
92,6.420107205708821,1.8174464923732814,0.054084221522013344,0.001240424395527112,160,152,0.05564444444444445,gbdt,"{'num_leaves': 160, 'max_depth': 152, 'learning_rate': 0.05564444444444445, 'boosting_type': 'gbdt'}",0.7775868636300779,0.7587577587446357,0.7545297272607271,0.7636247832118136,0.01002243582375033,2
93,4.651680151621501,0.30162653612150847,0.025657494862874348,0.0037140808211426684,160,78,0.05564444444444445,goss,"{'num_leaves': 160, 'max_depth': 78, 'learning_rate': 0.05564444444444445, 'boosting_type': 'goss'}",0.7735079552822807,0.7519952622546131,0.7463766483427989,0.7572932886265642,0.011692697625427297,10
94,1.3055054346720378,0.030665388775071564,0.01647774378458659,0.0007686157054501727,20,300,0.44445555555555555,dart,"{'num_leaves': 20, 'max_depth': 300, 'learning_rate': 0.44445555555555555, 'boosting_type': 'dart'}",0.7708548051524152,0.7645560625880408,0.7524394209270046,0.7626167628891536,0.007642087696171082,3
95,1.2554667790730794,0.018487055944877092,0.015831391016642254,0.00029036409618718104,20,152,0.11118888888888889,goss,"{'num_leaves': 20, 'max_depth': 152, 'learning_rate': 0.11118888888888889, 'boosting_type': 'goss'}",0.7617707903263745,0.748751403259122,0.742802190121753,0.7511081279024164,0.007921176752390843,21
96,4.143974860509236,0.023095937978462714,0.031449476877848305,0.0002870196849003292,300,226,0.44445555555555555,goss,"{'num_leaves': 300, 'max_depth': 226, 'learning_rate': 0.44445555555555555, 'boosting_type': 'goss'}",0.570922067733219,0.5714115911100784,0.5411627333934301,0.5611654640789092,0.01414547829852298,80
97,4.1148786544799805,0.020018410685200695,0.020500898361206055,0.007617193949704599,230,226,0.5,goss,"{'num_leaves': 230, 'max_depth': 226, 'learning_rate': 0.5, 'boosting_type': 'goss'}",0.5083082520157638,0.5091824765694257,0.4891909844003397,0.5022272376618431,0.009224929682337216,89
98,9.794209162394205,0.02894043198885224,0.03162264823913574,0.00027520926921525453,230,78,0.05564444444444445,gbdt,"{'num_leaves': 230, 'max_depth': 78, 'learning_rate': 0.05564444444444445, 'boosting_type': 'gbdt'}",0.7678884189222313,0.7569029992380526,0.7495569305790842,0.7581161162464559,0.007532799651116532,8
99,0.976017951965332,0.015139050448167865,0.010758002599080404,0.007618717292893182,90,5,0.16673333333333332,goss,"{'num_leaves': 90, 'max_depth': 5, 'learning_rate': 0.16673333333333332, 'boosting_type': 'goss'}",0.7600705306550388,0.7519248523592006,0.7338750809728521,0.7486234879956971,0.010946069340436052,32
