,mean_fit_time,std_fit_time,mean_score_time,std_score_time,param_num_leaves,param_max_depth,param_learning_rate,param_boosting_type,params,split0_test_score,split1_test_score,split2_test_score,mean_test_score,std_test_score,rank_test_score
0,0.8658644358317057,0.13604734521653417,0.009784301122029623,0.002160427945743872,90,152,0.5,goss,"{'num_leaves': 90, 'max_depth': 152, 'learning_rate': 0.5, 'boosting_type': 'goss'}",0.34411189910961004,0.3672188197872246,0.35826612420955495,0.3565322810354632,0.009512696950730329,91
1,2.2129367192586265,0.2274658398358683,0.028136730194091797,0.010377848740936836,230,152,0.2778222222222222,gbdt,"{'num_leaves': 230, 'max_depth': 152, 'learning_rate': 0.2778222222222222, 'boosting_type': 'gbdt'}",0.6530593072517119,0.6608750065471993,0.661210696743837,0.6583816701809161,0.0037659732995738624,50
2,1.1462685267130535,0.13925166813222076,0.013483683268229166,0.002700639082557867,90,78,0.3889111111111111,gbdt,"{'num_leaves': 90, 'max_depth': 78, 'learning_rate': 0.3889111111111111, 'boosting_type': 'gbdt'}",0.6432932574470098,0.6561346954706708,0.6549512736657948,0.6514597421944918,0.005794752030369425,53
3,2.923210541407267,0.30469685595977486,0.008363803227742514,0.0005167614888527456,300,78,0.0001,goss,"{'num_leaves': 300, 'max_depth': 78, 'learning_rate': 0.0001, 'boosting_type': 'goss'}",0.012289838617330684,0.012604087503290673,0.010460884348384325,0.011784936823001893,0.00094499534645678,92
4,2.965264002482096,0.6366807159575966,0.03292624155680338,0.010189132849648942,230,152,0.16673333333333332,gbdt,"{'num_leaves': 230, 'max_depth': 152, 'learning_rate': 0.16673333333333332, 'boosting_type': 'gbdt'}",0.6698957437970108,0.6794677087071235,0.6821307245106849,0.6771647256716063,0.0052536645250341905,34
5,0.5856890678405762,0.005551914217860538,0.012268463770548502,0.0017036215803304584,20,152,0.16673333333333332,goss,"{'num_leaves': 20, 'max_depth': 152, 'learning_rate': 0.16673333333333332, 'boosting_type': 'goss'}",0.6737268272525122,0.6780324550222535,0.6830374828387704,0.6782655883711787,0.0038046322844891866,31
6,0.5313433806101481,0.06138216015402926,0.009214162826538086,0.0014975120995501753,20,78,0.2778222222222222,dart,"{'num_leaves': 20, 'max_depth': 78, 'learning_rate': 0.2778222222222222, 'boosting_type': 'dart'}",0.6765656408016114,0.6792050372515754,0.6882302606925012,0.6813336462485626,0.00499426814767198,26
7,0.49163444836934406,0.03017158081396091,0.005115032196044922,0.0002991287706601656,20,78,0.0001,dart,"{'num_leaves': 20, 'max_depth': 78, 'learning_rate': 0.0001, 'boosting_type': 'dart'}",-1.576203611370122,-1.5514973532597938,-1.654811101772765,-1.5941706888008937,0.044049552108981885,99
8,3.4191083113352456,0.27069307483361527,0.035633246103922524,0.0032190596140371395,300,152,0.5,gbdt,"{'num_leaves': 300, 'max_depth': 152, 'learning_rate': 0.5, 'boosting_type': 'gbdt'}",0.6017998717306001,0.6243204542996011,0.623312863295146,0.6164777297751157,0.010386961297359911,65
9,4.02102263768514,1.0094442050054897,0.04434696833292643,0.012006870037624599,300,78,0.11118888888888889,gbdt,"{'num_leaves': 300, 'max_depth': 78, 'learning_rate': 0.11118888888888889, 'boosting_type': 'gbdt'}",0.6750543897322678,0.6799774641644615,0.6884772725604323,0.6811697088190538,0.00554433833395002,28
10,1.0670452912648518,0.06437716093653446,0.011347611745198568,0.00024670446876701407,230,152,0.11118888888888889,goss,"{'num_leaves': 230, 'max_depth': 152, 'learning_rate': 0.11118888888888889, 'boosting_type': 'goss'}",0.6724343647993907,0.677349107311302,0.6849366475780093,0.678240039896234,0.005142767693392748,32
11,0.3807538350423177,0.02533814150087231,0.006592750549316406,0.000520446551635467,20,300,0.05564444444444445,gbdt,"{'num_leaves': 20, 'max_depth': 300, 'learning_rate': 0.05564444444444445, 'boosting_type': 'gbdt'}",0.6715143658913574,0.6749908412885652,0.6818553884752948,0.6761201985517391,0.0042965701740876015,35
12,0.984709103902181,0.09574468253690661,0.010933399200439453,0.000556561231659,160,152,0.44445555555555555,goss,"{'num_leaves': 160, 'max_depth': 152, 'learning_rate': 0.44445555555555555, 'boosting_type': 'goss'}",0.4614295317760898,0.44661195346590943,0.46636482829933423,0.45813543784711114,0.008393740014873674,83
13,0.3082973162333171,0.015924738256324508,0.00640257199605306,6.631875622472456e-05,300,5,0.5,goss,"{'num_leaves': 300, 'max_depth': 5, 'learning_rate': 0.5, 'boosting_type': 'goss'}",0.5516504084366698,0.5285507313341636,0.5603999101412542,0.5468670166373625,0.013435107628914303,72
14,2.7669483025868735,0.08950345266044132,0.033590078353881836,0.0017709555198780595,300,300,0.44445555555555555,gbdt,"{'num_leaves': 300, 'max_depth': 300, 'learning_rate': 0.44445555555555555, 'boosting_type': 'gbdt'}",0.610870691609849,0.6232416147169901,0.6372428469683515,0.6237850510983969,0.010773242683882023,62
15,1.7108036677042644,0.12338383134354677,0.019576867421468098,0.0013259287161678486,160,226,0.11118888888888889,gbdt,"{'num_leaves': 160, 'max_depth': 226, 'learning_rate': 0.11118888888888889, 'boosting_type': 'gbdt'}",0.6886622713160296,0.6933207838703306,0.6915872707868106,0.6911901086577236,0.0019224529681686282,8
16,0.9749866326649984,0.034235276849448534,0.010734081268310547,0.00025921096279119893,160,152,0.16673333333333332,goss,"{'num_leaves': 160, 'max_depth': 152, 'learning_rate': 0.16673333333333332, 'boosting_type': 'goss'}",0.6571286888315961,0.6641803357120923,0.6648422395032654,0.6620504213489846,0.0034906653985290205,45
17,1.0717379252115886,0.1282003167314626,0.013840834299723307,0.00473888620813423,90,226,0.11118888888888889,goss,"{'num_leaves': 90, 'max_depth': 226, 'learning_rate': 0.11118888888888889, 'boosting_type': 'goss'}",0.6788020527991097,0.6807364208814829,0.6847442980028483,0.681427590561147,0.002474652320347774,25
18,1.1777403354644775,0.15343410765726737,0.016447703043619793,0.002699946594291322,300,300,0.3889111111111111,goss,"{'num_leaves': 300, 'max_depth': 300, 'learning_rate': 0.3889111111111111, 'boosting_type': 'goss'}",0.5239502214955815,0.5233506187238295,0.5438694302967793,0.5303900901720634,0.009534475637366546,76
19,2.508599599202474,0.015965478433177038,0.008867820103963217,0.0006532496293808203,230,226,0.0001,dart,"{'num_leaves': 230, 'max_depth': 226, 'learning_rate': 0.0001, 'boosting_type': 'dart'}",-1.5757425167523822,-1.5509842075244982,-1.6543972688790252,-1.593707997718635,0.04408804973716717,96
20,0.43978198369344074,0.02188145906955593,0.006776571273803711,0.00033912632766616463,20,152,0.2778222222222222,dart,"{'num_leaves': 20, 'max_depth': 152, 'learning_rate': 0.2778222222222222, 'boosting_type': 'dart'}",0.6765656408016114,0.6792050372515754,0.6882302606925012,0.6813336462485626,0.00499426814767198,26
21,0.9885348478953043,0.05556900135074915,0.012368281682332357,0.0013322933783781212,300,152,0.44445555555555555,goss,"{'num_leaves': 300, 'max_depth': 152, 'learning_rate': 0.44445555555555555, 'boosting_type': 'goss'}",0.4476118751883261,0.47937332995641213,0.4996478714782572,0.4755443588743318,0.021415446016555203,81
22,0.9953471819559733,0.0915290660274247,0.011846303939819336,0.0005415666697254689,300,226,0.5,goss,"{'num_leaves': 300, 'max_depth': 226, 'learning_rate': 0.5, 'boosting_type': 'goss'}",0.38444347637730936,0.4213171365793653,0.39153688146065424,0.3990991648057763,0.01597514321726317,86
23,0.2870088418324788,0.014597366494343013,0.006886402765909831,0.0006879054408315018,20,5,0.5,goss,"{'num_leaves': 20, 'max_depth': 5, 'learning_rate': 0.5, 'boosting_type': 'goss'}",0.5513865711111705,0.5366610948102268,0.5803498808825784,0.5561325156013253,0.018148838327317236,71
24,0.9286509354909261,0.016812221956259053,0.011024951934814453,0.00035137598171995876,230,152,0.5,goss,"{'num_leaves': 230, 'max_depth': 152, 'learning_rate': 0.5, 'boosting_type': 'goss'}",0.39226825162784085,0.3739042144931216,0.41756098988054013,0.3945778186671675,0.01789746880127161,89
25,1.1472209294637044,0.023839177453309327,0.013097127278645834,0.0025495166417393708,230,78,0.05564444444444445,goss,"{'num_leaves': 230, 'max_depth': 78, 'learning_rate': 0.05564444444444445, 'boosting_type': 'goss'}",0.6909482391548418,0.6892751175302039,0.6947069389793837,0.6916434318881431,0.0022713638731342053,6
26,2.7200910250345864,0.2783964685549074,0.01614038149515788,0.004436011428406392,230,78,0.22227777777777777,dart,"{'num_leaves': 230, 'max_depth': 78, 'learning_rate': 0.22227777777777777, 'boosting_type': 'dart'}",0.6820699796864892,0.6865889669160457,0.6843380660092202,0.6843323375372518,0.0018448732579352458,18
27,2.2504165967305503,0.0534894696577529,0.03351879119873047,0.007218875928374976,230,226,0.5,gbdt,"{'num_leaves': 230, 'max_depth': 226, 'learning_rate': 0.5, 'boosting_type': 'gbdt'}",0.5964851146187604,0.6270408056944698,0.634527219040024,0.6193510464510847,0.016454983543301806,63
28,0.32213298479715985,0.002921122387950449,0.006588459014892578,0.0008386408229187599,20,78,0.44445555555555555,gbdt,"{'num_leaves': 20, 'max_depth': 78, 'learning_rate': 0.44445555555555555, 'boosting_type': 'gbdt'}",0.6538756810634789,0.6629967652820592,0.6661850514929697,0.6610191659461693,0.005216213469723646,47
29,0.43076395988464355,0.03640271581211207,0.006426254908243815,0.0004371605312011662,160,5,0.05564444444444445,dart,"{'num_leaves': 160, 'max_depth': 5, 'learning_rate': 0.05564444444444445, 'boosting_type': 'dart'}",0.5102125356729046,0.5056352750753971,0.5040392544312784,0.5066290217265267,0.002616358745410238,79
30,0.3692738215128581,0.008245125276743424,0.007952372233072916,0.001109836570741736,20,152,0.05564444444444445,gbdt,"{'num_leaves': 20, 'max_depth': 152, 'learning_rate': 0.05564444444444445, 'boosting_type': 'gbdt'}",0.6715143658913574,0.6749908412885652,0.6818553884752948,0.6761201985517391,0.0042965701740876015,35
31,1.901127576828003,0.07737123065191236,0.0077495574951171875,0.00018403824422382243,160,78,0.0001,goss,"{'num_leaves': 160, 'max_depth': 78, 'learning_rate': 0.0001, 'boosting_type': 'goss'}",0.012104069654545913,0.01240406916039205,0.010310635015429837,0.011606257943455933,0.000924293966440392,93
32,1.107293923695882,0.030927466507698134,0.013972282409667969,0.0021499024916244755,90,300,0.05564444444444445,gbdt,"{'num_leaves': 90, 'max_depth': 300, 'learning_rate': 0.05564444444444445, 'boosting_type': 'gbdt'}",0.6940511387647259,0.6945719967069884,0.698713143613861,0.6957787596951918,0.0020857900158953425,2
33,0.9726916154225668,0.014457347568398404,0.012542088826497396,8.368646844277154e-05,90,78,0.2778222222222222,gbdt,"{'num_leaves': 90, 'max_depth': 78, 'learning_rate': 0.2778222222222222, 'boosting_type': 'gbdt'}",0.6597261654497476,0.6765716109950435,0.6780265954050639,0.6714414572832851,0.008305230960748445,44
34,2.8320627212524414,0.027239112618079618,0.01279306411743164,0.0010730998033342957,300,78,0.11118888888888889,dart,"{'num_leaves': 300, 'max_depth': 78, 'learning_rate': 0.11118888888888889, 'boosting_type': 'dart'}",0.6559799107175457,0.6627225771450272,0.6538540182146579,0.657518835359077,0.0037805688429646328,51
35,0.3618639310201009,0.006323430470353527,0.006923675537109375,0.0008892218449460448,300,5,0.5,dart,"{'num_leaves': 300, 'max_depth': 5, 'learning_rate': 0.5, 'boosting_type': 'dart'}",0.6850597261054947,0.6814491372346227,0.680966461993413,0.6824917751111768,0.0018264762210392677,21
36,0.3167482217152913,0.02018203349682733,0.007454792658487956,0.000476190976893898,300,5,0.33336666666666664,goss,"{'num_leaves': 300, 'max_depth': 5, 'learning_rate': 0.33336666666666664, 'boosting_type': 'goss'}",0.6396931979376292,0.6267769274125528,0.6268165328239133,0.6310955527246984,0.006079474733490634,61
37,0.42194509506225586,0.02789530578100506,0.009089152018229166,0.0004392093170275829,20,300,0.11118888888888889,goss,"{'num_leaves': 20, 'max_depth': 300, 'learning_rate': 0.11118888888888889, 'boosting_type': 'goss'}",0.680616309729422,0.6796402035357545,0.6856768960502668,0.6819778031051479,0.0026458347501687983,23
38,1.9499650796254475,0.03682782137694705,0.011188983917236328,0.0006338672886902388,160,152,0.11118888888888889,dart,"{'num_leaves': 160, 'max_depth': 152, 'learning_rate': 0.11118888888888889, 'boosting_type': 'dart'}",0.6609679645485294,0.6635404183217847,0.6569700822879803,0.6604928217194314,0.00270328805103582,48
39,1.3412984212239583,0.019270395181616558,0.006917158762613933,0.0003316605729521674,90,78,0.0001,goss,"{'num_leaves': 90, 'max_depth': 78, 'learning_rate': 0.0001, 'boosting_type': 'goss'}",0.011826605244122046,0.012101624170192893,0.010038179817117077,0.011322136410477338,0.0009148104549210388,94
40,0.8760510285695394,0.03067609550307969,0.01122442881266276,0.000571321837445745,90,300,0.3889111111111111,goss,"{'num_leaves': 90, 'max_depth': 300, 'learning_rate': 0.3889111111111111, 'boosting_type': 'goss'}",0.4997867634216151,0.517862988992172,0.5183930549625301,0.512014269125439,0.00864885982026989,78
41,1.0648644765218098,0.005267510470727394,0.011998971303304037,0.0005757138255129258,300,78,0.11118888888888889,goss,"{'num_leaves': 300, 'max_depth': 78, 'learning_rate': 0.11118888888888889, 'boosting_type': 'goss'}",0.6744160556144927,0.6833101639759063,0.6855645966872572,0.6810969387592186,0.00481291778499042,29
42,1.6982038021087646,0.10330991313944367,0.019550005594889324,0.0006656257987095096,160,152,0.3889111111111111,gbdt,"{'num_leaves': 160, 'max_depth': 152, 'learning_rate': 0.3889111111111111, 'boosting_type': 'gbdt'}",0.6314044900787141,0.645608076739182,0.654316617820669,0.6437763948795218,0.009443081885421747,55
43,0.3363773028055827,0.00919215532032647,0.007001638412475586,0.00045164941486858034,20,152,0.11118888888888889,gbdt,"{'num_leaves': 20, 'max_depth': 152, 'learning_rate': 0.11118888888888889, 'boosting_type': 'gbdt'}",0.6820798784711499,0.6857706284019274,0.6918395568923836,0.686563354588487,0.0040236088135417875,14
44,0.8806242148081461,0.032938970143639286,0.012513955434163412,0.002048653316548679,90,152,0.44445555555555555,goss,"{'num_leaves': 90, 'max_depth': 152, 'learning_rate': 0.44445555555555555, 'boosting_type': 'goss'}",0.4271239121510192,0.4590963202324171,0.4353467489925601,0.44052232712533207,0.01355602391035514,84
45,1.9012452761332195,0.05007317977450466,0.012190500895182291,0.0027325607178857276,160,152,0.05564444444444445,dart,"{'num_leaves': 160, 'max_depth': 152, 'learning_rate': 0.05564444444444445, 'boosting_type': 'dart'}",0.5439269811335454,0.5409564355772448,0.5337045924442656,0.5395293363850187,0.004293542958677876,75
46,2.8337981700897217,0.03885272543121814,0.013080437978108725,0.00152782507719571,300,152,0.05564444444444445,dart,"{'num_leaves': 300, 'max_depth': 152, 'learning_rate': 0.05564444444444445, 'boosting_type': 'dart'}",0.5497008834147672,0.5440199434039781,0.5340817902646171,0.5426008723611208,0.006454938144644165,74
47,2.8452399571736655,0.014355722652176153,0.016202529271443684,0.0015113928900879188,300,78,0.44445555555555555,dart,"{'num_leaves': 300, 'max_depth': 78, 'learning_rate': 0.44445555555555555, 'boosting_type': 'dart'}",0.6689518103415754,0.6743907269187157,0.6840994563106977,0.6758139978569963,0.006265358182061232,38
48,0.2951602141062419,0.007497570009571903,0.0071366628011067705,2.4726917420853512e-05,230,5,0.3889111111111111,goss,"{'num_leaves': 230, 'max_depth': 5, 'learning_rate': 0.3889111111111111, 'boosting_type': 'goss'}",0.595751592249276,0.6049078411796508,0.6120669698240211,0.6042421344176493,0.006677337816393334,67
49,0.8915886878967285,0.028817850383373093,0.011771678924560547,0.0006230476454981629,90,226,0.33336666666666664,goss,"{'num_leaves': 90, 'max_depth': 226, 'learning_rate': 0.33336666666666664, 'boosting_type': 'goss'}",0.5609351207316619,0.5759642478321905,0.5545398533462849,0.5638130739700458,0.008980093945450268,70
50,1.1753102938334148,0.00840679037192179,0.011043469111124674,0.0023109054243929676,90,226,0.16673333333333332,dart,"{'num_leaves': 90, 'max_depth': 226, 'learning_rate': 0.16673333333333332, 'boosting_type': 'dart'}",0.6819128853599902,0.6867345166020512,0.6834793960336121,0.6840422659985511,0.0020082577700879,19
51,0.437819242477417,0.025696659770020027,0.006308555603027344,0.0005058163894389252,300,5,0.0001,dart,"{'num_leaves': 300, 'max_depth': 5, 'learning_rate': 0.0001, 'boosting_type': 'dart'}",-1.5761181310720263,-1.551435815906649,-1.654757356803787,-1.5941037679274874,0.04405638472958739,97
52,0.9778180917104086,0.012898049801436403,0.011518557866414389,0.0006730370354376775,230,226,0.2778222222222222,goss,"{'num_leaves': 230, 'max_depth': 226, 'learning_rate': 0.2778222222222222, 'boosting_type': 'goss'}",0.605659392414422,0.6210329362296197,0.6170275436347957,0.6145732907596124,0.006511731988800931,66
53,0.4230976104736328,0.01873697464900304,0.007327079772949219,0.0020485214012910635,230,5,0.05564444444444445,dart,"{'num_leaves': 230, 'max_depth': 5, 'learning_rate': 0.05564444444444445, 'boosting_type': 'dart'}",0.5102125356729046,0.5056352750753971,0.5040392544312784,0.5066290217265267,0.002616358745410238,79
54,0.8642653624216715,0.021401523137791957,0.01402743657430013,0.0040949604521427286,90,300,0.44445555555555555,goss,"{'num_leaves': 90, 'max_depth': 300, 'learning_rate': 0.44445555555555555, 'boosting_type': 'goss'}",0.4271239121510192,0.4590963202324171,0.4353467489925601,0.44052232712533207,0.01355602391035514,84
55,0.3708346684773763,0.007700244537177193,0.007506847381591797,0.00024496446441042957,20,78,0.05564444444444445,gbdt,"{'num_leaves': 20, 'max_depth': 78, 'learning_rate': 0.05564444444444445, 'boosting_type': 'gbdt'}",0.6715143658913574,0.6749908412885652,0.6818553884752948,0.6761201985517391,0.0042965701740876015,35
56,0.5034563541412354,0.052806877198105,0.006387551625569661,0.0005641054566998065,160,5,0.0001,dart,"{'num_leaves': 160, 'max_depth': 5, 'learning_rate': 0.0001, 'boosting_type': 'dart'}",-1.5761181310720263,-1.551435815906649,-1.654757356803787,-1.5941037679274874,0.04405638472958739,97
57,1.135962724685669,0.21770206315292728,0.014230092366536459,0.0037159286557781035,300,300,0.5,goss,"{'num_leaves': 300, 'max_depth': 300, 'learning_rate': 0.5, 'boosting_type': 'goss'}",0.38444347637730936,0.4213171365793653,0.39153688146065424,0.3990991648057763,0.01597514321726317,86
58,1.061445156733195,0.06933170636406327,0.012086153030395508,0.0008903566401860041,230,300,0.22227777777777777,goss,"{'num_leaves': 230, 'max_depth': 300, 'learning_rate': 0.22227777777777777, 'boosting_type': 'goss'}",0.6239199153203869,0.6418498841424152,0.6479328815521154,0.6379008936716392,0.010193185014679902,59
59,0.40694379806518555,0.04683963258669795,0.007865985234578451,0.000415479671685135,90,5,0.16673333333333332,gbdt,"{'num_leaves': 90, 'max_depth': 5, 'learning_rate': 0.16673333333333332, 'boosting_type': 'gbdt'}",0.6852791606454929,0.6857543770237569,0.6914965518068567,0.6875100298253688,0.0028255649326824274,11
60,0.5458382765452067,0.041744209567186455,0.005293528238932292,0.0001354287952359057,20,152,0.0001,dart,"{'num_leaves': 20, 'max_depth': 152, 'learning_rate': 0.0001, 'boosting_type': 'dart'}",-1.576203611370122,-1.5514973532597938,-1.654811101772765,-1.5941706888008937,0.044049552108981885,99
61,1.4150890509287517,0.22342355217328516,0.037763516108194985,0.03781296536422428,300,78,0.3889111111111111,goss,"{'num_leaves': 300, 'max_depth': 78, 'learning_rate': 0.3889111111111111, 'boosting_type': 'goss'}",0.5239502214955815,0.5233506187238295,0.5438694302967793,0.5303900901720634,0.009534475637366546,76
62,2.4244980017344155,0.3146092382467948,0.011457045873006185,0.0007567179430841386,160,78,0.2778222222222222,dart,"{'num_leaves': 160, 'max_depth': 78, 'learning_rate': 0.2778222222222222, 'boosting_type': 'dart'}",0.6855471167361811,0.6932199333828566,0.6904182461295851,0.6897284320828744,0.003170164179518673,10
63,3.505829175313314,0.13928225818696968,0.015392939249674479,0.0014580360065154924,300,152,0.22227777777777777,dart,"{'num_leaves': 300, 'max_depth': 152, 'learning_rate': 0.22227777777777777, 'boosting_type': 'dart'}",0.6826653329812666,0.6897140017373962,0.6833872602482819,0.6852555316556482,0.0031663608287850055,16
64,0.4733976523081462,0.040123696036451065,0.006218830744425456,0.0005535838222005075,20,300,0.22227777777777777,dart,"{'num_leaves': 20, 'max_depth': 300, 'learning_rate': 0.22227777777777777, 'boosting_type': 'dart'}",0.6709279189592923,0.6729652636929181,0.6785259843228598,0.6741397223250233,0.0032111435269652484,41
65,0.9051287968953451,0.010489361840535073,0.011649608612060547,0.0007493205276752242,160,226,0.33336666666666664,goss,"{'num_leaves': 160, 'max_depth': 226, 'learning_rate': 0.33336666666666664, 'boosting_type': 'goss'}",0.5533907896907285,0.5792693178105932,0.5644554210584272,0.5657051761865829,0.01060175992694674,69
66,1.192671298980713,0.012281880652582856,0.00922234853108724,0.0005010705632924107,90,300,0.16673333333333332,dart,"{'num_leaves': 90, 'max_depth': 300, 'learning_rate': 0.16673333333333332, 'boosting_type': 'dart'}",0.6819128853599902,0.6867345166020512,0.6834793960336121,0.6840422659985511,0.0020082577700879,19
67,1.877619743347168,0.03785188922178361,0.012570699055989584,0.0011590751747481015,160,226,0.22227777777777777,dart,"{'num_leaves': 160, 'max_depth': 226, 'learning_rate': 0.22227777777777777, 'boosting_type': 'dart'}",0.6870216467355756,0.6883811802078103,0.685367985466013,0.6869236041364664,0.001232083574391714,13
68,1.090889533360799,0.021897253833165396,0.011834224065144857,0.0006530305434051467,160,300,0.05564444444444445,goss,"{'num_leaves': 160, 'max_depth': 300, 'learning_rate': 0.05564444444444445, 'boosting_type': 'goss'}",0.6870178460489169,0.6911221620342598,0.6969326353964933,0.69169088115989,0.00406762363340864,4
69,0.28263211250305176,0.012025676516595347,0.006893237431844075,0.0007918448820120814,90,5,0.33336666666666664,gbdt,"{'num_leaves': 90, 'max_depth': 5, 'learning_rate': 0.33336666666666664, 'boosting_type': 'gbdt'}",0.6651902006203061,0.6747189718756748,0.677896546285,0.6726019062603269,0.005399029551838439,42
70,2.256111224492391,0.13267154516820892,0.027701298395792644,0.0017803368658535232,230,152,0.33336666666666664,gbdt,"{'num_leaves': 230, 'max_depth': 152, 'learning_rate': 0.33336666666666664, 'boosting_type': 'gbdt'}",0.6346651221504469,0.6582438653551819,0.667226897960461,0.6533786284886965,0.013731234668949963,52
71,0.4365774790445964,0.007491599013713345,0.006698290506998698,3.4430555970049655e-05,20,300,0.16673333333333332,dart,"{'num_leaves': 20, 'max_depth': 300, 'learning_rate': 0.16673333333333332, 'boosting_type': 'dart'}",0.6567801250102062,0.6598114596769454,0.6617721093937818,0.6594545646936445,0.002053534764464231,49
72,1.7240618069966633,0.08800684466099905,0.021132866541544598,0.0010339163154701877,160,300,0.3889111111111111,gbdt,"{'num_leaves': 160, 'max_depth': 300, 'learning_rate': 0.3889111111111111, 'boosting_type': 'gbdt'}",0.6314044900787141,0.645608076739182,0.654316617820669,0.6437763948795218,0.009443081885421747,55
73,1.0039664109547932,0.042046120204744006,0.0130308469136556,0.0015918970931497788,300,152,0.5,goss,"{'num_leaves': 300, 'max_depth': 152, 'learning_rate': 0.5, 'boosting_type': 'goss'}",0.38444347637730936,0.4213171365793653,0.39153688146065424,0.3990991648057763,0.01597514321726317,86
74,1.8410507837931316,0.03011541108614514,0.011727571487426758,0.001023255933709385,160,300,0.33336666666666664,dart,"{'num_leaves': 160, 'max_depth': 300, 'learning_rate': 0.33336666666666664, 'boosting_type': 'dart'}",0.6873381130621405,0.694201324906456,0.6922271248313941,0.6912555209333302,0.0028848951229970016,7
75,2.9273468653361,0.021106727346622518,0.01783331235249837,0.002595803579398051,300,226,0.5,dart,"{'num_leaves': 300, 'max_depth': 226, 'learning_rate': 0.5, 'boosting_type': 'dart'}",0.6614915182563827,0.6766542187358016,0.6850053765628317,0.6743837045183386,0.00973282450345959,40
76,0.282279094060262,0.014564644054059859,0.006495555241902669,0.0004531823296409715,90,5,0.5,goss,"{'num_leaves': 90, 'max_depth': 5, 'learning_rate': 0.5, 'boosting_type': 'goss'}",0.5516504084366698,0.5285507313341636,0.5603999101412542,0.5468670166373625,0.013435107628914303,72
77,2.2198241551717124,0.043279009547755654,0.022699912389119465,0.0015513512437899672,230,78,0.11118888888888889,gbdt,"{'num_leaves': 230, 'max_depth': 78, 'learning_rate': 0.11118888888888889, 'boosting_type': 'gbdt'}",0.6843332840645142,0.6869847177045066,0.6905087391187816,0.6872755802959342,0.002529494292955044,12
78,0.366049846013387,0.004394653028799881,0.006703535715738933,3.080575533801697e-05,160,5,0.5,dart,"{'num_leaves': 160, 'max_depth': 5, 'learning_rate': 0.5, 'boosting_type': 'dart'}",0.6850597261054947,0.6814491372346227,0.680966461993413,0.6824917751111768,0.0018264762210392677,21
79,0.9936296939849854,0.03268354157898694,0.012023369471232096,0.0007044847520260523,300,152,0.22227777777777777,goss,"{'num_leaves': 300, 'max_depth': 152, 'learning_rate': 0.22227777777777777, 'boosting_type': 'goss'}",0.6334427226916582,0.6514986438543724,0.6441647795075844,0.6430353820178717,0.007414433054336848,57
80,0.3200635115305583,0.08929741029517775,0.007189035415649414,0.0007669997454564333,160,5,0.33336666666666664,gbdt,"{'num_leaves': 160, 'max_depth': 5, 'learning_rate': 0.33336666666666664, 'boosting_type': 'gbdt'}",0.6651902006203061,0.6747189718756748,0.677896546285,0.6726019062603269,0.005399029551838439,42
81,0.3070017496744792,0.012662236848292945,0.006716728210449219,0.00035465552350631864,160,5,0.11118888888888889,goss,"{'num_leaves': 160, 'max_depth': 5, 'learning_rate': 0.11118888888888889, 'boosting_type': 'goss'}",0.6784139118930754,0.6767514301953371,0.6846114550572799,0.6799255990485641,0.0033821981264302078,30
82,0.9333812395731608,0.02088146437834334,0.011863629023234049,0.0009251833772705004,160,78,0.16673333333333332,goss,"{'num_leaves': 160, 'max_depth': 78, 'learning_rate': 0.16673333333333332, 'boosting_type': 'goss'}",0.6571286888315961,0.6641803357120923,0.6648422395032654,0.6620504213489846,0.0034906653985290205,45
83,1.3272689978281658,0.43382028926333,0.01804796854654948,0.00108714830962956,90,152,0.3889111111111111,gbdt,"{'num_leaves': 90, 'max_depth': 152, 'learning_rate': 0.3889111111111111, 'boosting_type': 'gbdt'}",0.6432932574470098,0.6561346954706708,0.6549512736657948,0.6514597421944918,0.005794752030369425,53
84,1.5279850165049236,0.4051170775996276,0.01432180404663086,0.0016246341972505876,90,152,0.5,gbdt,"{'num_leaves': 90, 'max_depth': 152, 'learning_rate': 0.5, 'boosting_type': 'gbdt'}",0.6187997560893661,0.6390335223085615,0.637551636474427,0.6317949716241182,0.009208898468414443,60
85,0.9815241495768229,0.014932960932272603,0.012645800908406576,0.0019152492600610323,300,78,0.2778222222222222,goss,"{'num_leaves': 300, 'max_depth': 78, 'learning_rate': 0.2778222222222222, 'boosting_type': 'goss'}",0.6025519462915438,0.6223605253415296,0.6257878301617577,0.616900100598277,0.010241704076635532,64
86,0.923771063486735,0.001853311818412908,0.012037436167399088,0.001094871995768986,90,226,0.44445555555555555,gbdt,"{'num_leaves': 90, 'max_depth': 226, 'learning_rate': 0.44445555555555555, 'boosting_type': 'gbdt'}",0.6329570662388357,0.6367303822753613,0.6494657749445227,0.6397177411529066,0.0070629361495883536,58
87,0.39383093516031903,0.01914805651970151,0.0073401133219401045,0.0006745014656766206,230,5,0.33336666666666664,dart,"{'num_leaves': 230, 'max_depth': 5, 'learning_rate': 0.33336666666666664, 'boosting_type': 'dart'}",0.6852160268899594,0.6822266541303803,0.6856429696035239,0.6843618835412878,0.0015198626030160202,17
88,0.31177504857381183,0.02151388891512566,0.007837772369384766,0.0014690450137918435,20,5,0.44445555555555555,goss,"{'num_leaves': 20, 'max_depth': 5, 'learning_rate': 0.44445555555555555, 'boosting_type': 'goss'}",0.577909318317219,0.5759311471054106,0.5798805325835419,0.5779069993353905,0.0016123307036659917,68
89,2.840575933456421,0.00919990257439716,0.008735338846842447,0.0007703758050792139,300,152,0.0001,dart,"{'num_leaves': 300, 'max_depth': 152, 'learning_rate': 0.0001, 'boosting_type': 'dart'}",-1.575726306899543,-1.5509262333219667,-1.6543899729946068,-1.5936808377387053,0.0441056325957187,95
90,2.963855504989624,0.07927028095903502,0.014855384826660156,0.00046699746847854093,300,226,0.44445555555555555,dart,"{'num_leaves': 300, 'max_depth': 226, 'learning_rate': 0.44445555555555555, 'boosting_type': 'dart'}",0.6689518103415754,0.6767083838616181,0.6864930011531476,0.6773843984521136,0.0071770973969016525,33
91,1.2366386254628499,0.008545280139153365,0.009447733561197916,0.00016084030632237332,90,152,0.22227777777777777,dart,"{'num_leaves': 90, 'max_depth': 152, 'learning_rate': 0.22227777777777777, 'boosting_type': 'dart'}",0.688215350217571,0.6936074997704516,0.6909691896810501,0.6909306798896909,0.0022015042513670027,9
92,2.264250914255778,0.42868141658607867,0.018230756123860676,0.002901944042662756,160,152,0.05564444444444445,gbdt,"{'num_leaves': 160, 'max_depth': 152, 'learning_rate': 0.05564444444444445, 'boosting_type': 'gbdt'}",0.6908122301061992,0.6971827626531297,0.7004513912319351,0.6961487946637547,0.004002513723004907,1
93,1.9712773164113362,0.08730367887384233,0.017926851908365887,0.003043387467039742,160,78,0.05564444444444445,goss,"{'num_leaves': 160, 'max_depth': 78, 'learning_rate': 0.05564444444444445, 'boosting_type': 'goss'}",0.6870178460489169,0.6911221620342598,0.6969326353964933,0.69169088115989,0.00406762363340864,4
94,0.5845851898193359,0.09255906675396335,0.007969220479329428,0.0007743869786246413,20,300,0.44445555555555555,dart,"{'num_leaves': 20, 'max_depth': 300, 'learning_rate': 0.44445555555555555, 'boosting_type': 'dart'}",0.6830268503331518,0.6906684864591396,0.6856255159648861,0.6864402842523925,0.003172437148549465,15
95,0.48627416292826336,0.07982738768168551,0.01161487897237142,0.0027726540883082685,20,152,0.11118888888888889,goss,"{'num_leaves': 20, 'max_depth': 152, 'learning_rate': 0.11118888888888889, 'boosting_type': 'goss'}",0.680616309729422,0.6796402035357545,0.6856768960502668,0.6819778031051479,0.0026458347501687983,23
96,1.2999346256256104,0.25546640976826446,0.011754353841145834,0.0008258429624652096,300,226,0.44445555555555555,goss,"{'num_leaves': 300, 'max_depth': 226, 'learning_rate': 0.44445555555555555, 'boosting_type': 'goss'}",0.4476118751883261,0.47937332995641213,0.4996478714782572,0.4755443588743318,0.021415446016555203,81
97,1.0413155555725098,0.13800314310309458,0.014242728551228842,0.003198302161820693,230,226,0.5,goss,"{'num_leaves': 230, 'max_depth': 226, 'learning_rate': 0.5, 'boosting_type': 'goss'}",0.39226825162784085,0.3739042144931216,0.41756098988054013,0.3945778186671675,0.01789746880127161,89
98,2.311939001083374,0.061169477620343915,0.01740543047587077,0.001622780984350842,230,78,0.05564444444444445,gbdt,"{'num_leaves': 230, 'max_depth': 78, 'learning_rate': 0.05564444444444445, 'boosting_type': 'gbdt'}",0.6874768180868333,0.6941613209165494,0.6959217253580114,0.6925199547871314,0.0036377352645842777,3
99,0.29073437054951984,0.013955698196817879,0.007046699523925781,0.0006093781440194909,90,5,0.16673333333333332,goss,"{'num_leaves': 90, 'max_depth': 5, 'learning_rate': 0.16673333333333332, 'boosting_type': 'goss'}",0.6703575939894473,0.670610091084474,0.6861833172384189,0.67571700077078,0.00740152119483217,39
