,mean_fit_time,std_fit_time,mean_score_time,std_score_time,param_alpha,param_fit_intercept,param_solver,params,split0_test_score,split1_test_score,split2_test_score,split3_test_score,split4_test_score,split5_test_score,split6_test_score,split7_test_score,split8_test_score,split9_test_score,mean_test_score,std_test_score,rank_test_score
0,2.449698305130005,0.23880065566910266,0.018613600730895997,0.033940101575668236,0.0001,True,auto,"{'alpha': 0.0001, 'fit_intercept': True, 'solver': 'auto'}",-2.15242050341653,-1.7168248453375534,-1.7007999269619396,-3.4623640087618677,-2.6973334236694515,-1.6814079475182055,-1.940906378419526,-1.762994022896139,-1.9510280177231751,-1.8553658713783683,-2.0921444946082755,0.5401202877339082,29
1,4.620954418182373,0.3290979344741745,0.010332489013671875,0.026314713748839605,0.0001,True,svd,"{'alpha': 0.0001, 'fit_intercept': True, 'solver': 'svd'}",-2.152420503427241,-1.716824845337462,-1.7007999269619678,-3.4623640087600895,-2.697333423669065,-1.6814079475183168,-1.9409063784199165,-1.7629940228959475,-1.9510280177220172,-1.8553658713783194,-2.092144494609034,0.5401202877335624,31
2,2.91924729347229,0.13296350524246184,0.010235166549682618,0.026235427095111674,0.0001,True,cholesky,"{'alpha': 0.0001, 'fit_intercept': True, 'solver': 'cholesky'}",-2.15242050341653,-1.7168248453375534,-1.7007999269619396,-3.4623640087618677,-2.6973334236694515,-1.6814079475182055,-1.940906378419526,-1.762994022896139,-1.9510280177231751,-1.8553658713783683,-2.0921444946082755,0.5401202877339082,29
3,1.8063967943191528,1.1856845119451018,0.01860041618347168,0.0343901511831781,0.0001,True,lsqr,"{'alpha': 0.0001, 'fit_intercept': True, 'solver': 'lsqr'}",-2.539495594976101,-2.20369474304639,-2.2054059727993613,-3.112943356843346,-2.672808374938753,-2.288814066644137,-2.6261952238257638,-2.3211890129073702,-2.340759294613391,-2.3586953999824125,-2.4670001040577025,0.2662024425724728,81
4,0.7800665616989135,0.8122252107360851,0.001454329490661621,0.00026369602399394177,0.0001,True,sparse_cg,"{'alpha': 0.0001, 'fit_intercept': True, 'solver': 'sparse_cg'}",-2.447946110448676,-1.9146744154462123,-2.0621921412277557,-3.227492523749049,-2.4162315318558623,-1.9316241308666526,-2.2253993557904326,-2.0020808613397567,-2.19481734334172,-2.0516281942431243,-2.2474086608309247,0.3709156092519348,65
5,2.140159249305725,0.4680555186801946,0.4698473453521729,0.9094200935911777,0.0001,True,sag,"{'alpha': 0.0001, 'fit_intercept': True, 'solver': 'sag'}",-2.339810139536824,-1.8087904316746382,-1.908540351426592,-2.5979894474260172,-2.413224446077378,-1.8560352057317915,-2.0881925120077645,-1.8907673232693094,-2.0733674244390383,-2.0099365226939887,-2.098665380428334,0.2524502364164616,32
6,2.020633912086487,0.2530027994132112,0.1902912139892578,0.5383468391738647,0.0001,True,saga,"{'alpha': 0.0001, 'fit_intercept': True, 'solver': 'saga'}",-2.3576453874265253,-1.8433295775841407,-1.941519377397882,-2.741451539749614,-2.3736995727760974,-1.8893535593237178,-2.1136288575260735,-1.9231285643329201,-2.077186481012657,-2.011036552644381,-2.127197946977401,0.26844502882875987,45
7,0.5279222011566163,0.06218666911244835,0.0014081001281738281,0.00024566326912977486,0.0001,False,auto,"{'alpha': 0.0001, 'fit_intercept': False, 'solver': 'auto'}",-2.1538663609868887,-1.717136251655841,-1.6906625601091743,-3.4482669309438507,-2.7037384212827815,-1.6818739895888055,-1.9401526317573232,-1.7643381949290309,-1.9630161558388344,-1.8543182491222516,-2.091736974621478,0.5376669863623504,27
8,2.060584855079651,0.1347695005398732,0.0014110803604125977,0.0002898137097236601,0.0001,False,svd,"{'alpha': 0.0001, 'fit_intercept': False, 'solver': 'svd'}",-2.153866359551003,-1.7171362516519932,-1.6906625601047338,-3.4482669308135034,-2.7037384213058187,-1.6818739895878696,-1.940152631760615,-1.7643381949270933,-1.9630161558566888,-1.854318249117995,-2.0917369744677314,0.5376669863159503,26
9,0.5286795854568481,0.04195141741532283,0.01896843910217285,0.03498206131370149,0.0001,False,cholesky,"{'alpha': 0.0001, 'fit_intercept': False, 'solver': 'cholesky'}",-2.1538663609868887,-1.717136251655841,-1.6906625601091743,-3.4482669309438507,-2.7037384212827815,-1.6818739895888055,-1.9401526317573232,-1.7643381949290309,-1.9630161558388344,-1.8543182491222516,-2.091736974621478,0.5376669863623504,27
10,0.32886390686035155,0.061093061119327094,0.001564192771911621,0.00016853694683337253,0.0001,False,lsqr,"{'alpha': 0.0001, 'fit_intercept': False, 'solver': 'lsqr'}",-4.6597093817685655,-4.762629703892944,-4.733630891081897,-5.169799346455142,-5.0960239652070785,-4.79548183173341,-5.1421650235916605,-4.8389380559909805,-4.793686082577932,-4.833459661120931,-4.882552394342055,0.17363424938843305,93
11,0.36494534015655516,0.041978754583883615,0.0014021873474121093,0.00019920045068882943,0.0001,False,sparse_cg,"{'alpha': 0.0001, 'fit_intercept': False, 'solver': 'sparse_cg'}",-4.659709381768565,-4.762629703892945,-4.733630891081897,-5.169799346455141,-5.096023965207079,-4.79548183173341,-5.14216502359166,-4.8389380559909805,-4.793686082577931,-4.833459661120931,-4.882552394342055,0.17363424938843297,93
12,2.28341326713562,0.4810161887732725,0.018344020843505858,0.033775520381591644,0.0001,False,sag,"{'alpha': 0.0001, 'fit_intercept': False, 'solver': 'sag'}",-2.3899887539608633,-1.8903385446156091,-1.908873006065393,-2.649173914959556,-2.4151292107322644,-1.8535785648434708,-2.067404428588874,-1.962826291545493,-2.0738606072701082,-1.9930424275402114,-2.1204215750121844,0.2557410298734403,36
13,2.2270193338394164,0.3612930227100554,0.019635820388793947,0.03601044051068106,0.0001,False,saga,"{'alpha': 0.0001, 'fit_intercept': False, 'solver': 'saga'}",-2.356007584505945,-1.851369308400926,-1.9345008651501652,-2.7773165350022264,-2.3675684763907334,-1.8920233790515126,-2.1398705374066975,-1.9385717827909246,-2.0964705801966192,-2.000963963541693,-2.1354663012437447,0.27445266584951883,49
14,0.5390937089920044,0.06449361749621267,0.001383805274963379,0.000251775696583885,0.001,True,auto,"{'alpha': 0.001, 'fit_intercept': True, 'solver': 'auto'}",-2.148850879288385,-1.7196292096896488,-1.6974064842039958,-3.27120280429752,-2.5939592473956985,-1.690009982931846,-1.9378394062920847,-1.7602387760328142,-1.920205240301985,-1.8605256499931402,-2.0599867680427115,0.48045298693420385,23
15,2.209625744819641,0.07892143685166239,0.036735701560974124,0.04308067771858298,0.001,True,svd,"{'alpha': 0.001, 'fit_intercept': True, 'solver': 'svd'}",-2.148850879288273,-1.719629209689647,-1.6974064842039251,-3.2712028042973893,-2.593959247395732,-1.6900099829318402,-1.937839406292129,-1.7602387760328062,-1.9202052403015206,-1.8605256499931593,-2.0599867680426422,0.48045298693419053,22
16,0.5791171789169312,0.07393827114410549,0.01085646152496338,0.027783910363394785,0.001,True,cholesky,"{'alpha': 0.001, 'fit_intercept': True, 'solver': 'cholesky'}",-2.148850879288385,-1.7196292096896488,-1.6974064842039958,-3.27120280429752,-2.5939592473956985,-1.690009982931846,-1.9378394062920847,-1.7602387760328142,-1.920205240301985,-1.8605256499931402,-2.0599867680427115,0.48045298693420385,23
17,0.4433013677597046,0.06087046460770938,0.018741679191589356,0.034753342561512406,0.001,True,lsqr,"{'alpha': 0.001, 'fit_intercept': True, 'solver': 'lsqr'}",-2.5394944663929664,-2.203695179243683,-2.205406285188549,-3.1129410721478425,-2.672808222857781,-2.2888143677777046,-2.626195258804698,-2.321189349015709,-2.340759383172793,-2.3586959810223336,-2.4669999565624057,0.26620170753843414,80
18,0.46510329246521,0.10144972570512684,0.01017608642578125,0.02646533517347345,0.001,True,sparse_cg,"{'alpha': 0.001, 'fit_intercept': True, 'solver': 'sparse_cg'}",-2.4479409171193054,-1.9146754604301937,-2.0621910498466973,-3.227484120526381,-2.4162310450470046,-1.9316260891250976,-2.225401567828321,-2.0020824475526604,-2.194815368856551,-2.0516303246489227,-2.247407839098113,0.3709126774482848,64
19,2.45809543132782,0.2677703358818801,0.02062063217163086,0.03570223814854485,0.001,True,sag,"{'alpha': 0.001, 'fit_intercept': True, 'solver': 'sag'}",-2.3055433877229894,-1.7671414567427164,-1.9247910979541827,-2.6095444074114824,-2.392519037285549,-1.8570696461395704,-2.098089160537167,-1.8931150786390833,-2.0722775359395738,-1.9738013264843397,-2.089389213485665,0.254230776035824,25
20,2.3420250177383424,0.20830009016111856,0.0013617277145385742,0.0002704939267308914,0.001,True,saga,"{'alpha': 0.001, 'fit_intercept': True, 'solver': 'saga'}",-2.357822949438088,-1.8452886708013605,-1.9294826750208975,-2.894085862662568,-2.3668117868927045,-1.8982851164254086,-2.1359155352930768,-1.9228772078894298,-2.1028661078407995,-2.000418585425032,-2.145385449768937,0.3041159589883632,52
21,0.43251035213470457,0.09553899724833831,0.001408553123474121,0.00024881138225760316,0.001,False,auto,"{'alpha': 0.001, 'fit_intercept': False, 'solver': 'auto'}",-2.147318641568325,-1.7228639098005663,-1.6813213571418504,-3.230735394277219,-2.6051941209713627,-1.6881502138626088,-1.9379410165302384,-1.763404511052967,-1.9345475778127976,-1.8613310931236513,-2.057280783614159,0.47210317117837014,20
22,1.7787774324417114,0.12286073201075842,0.008828949928283692,0.02265277231882548,0.001,False,svd,"{'alpha': 0.001, 'fit_intercept': False, 'solver': 'svd'}",-2.1473186414556413,-1.7228639097951077,-1.6813213571425376,-3.2307353942523664,-2.605194120976289,-1.6881502138610693,-1.9379410165320479,-1.7634045110525427,-1.9345475778114456,-1.8613310931187121,-2.0572807835997757,0.4721031711712886,19
23,0.3298851251602173,0.1419352739547455,0.017641282081604003,0.03265275811435054,0.001,False,cholesky,"{'alpha': 0.001, 'fit_intercept': False, 'solver': 'cholesky'}",-2.147318641568325,-1.7228639098005663,-1.6813213571418504,-3.230735394277219,-2.6051941209713627,-1.6881502138626088,-1.9379410165302384,-1.763404511052967,-1.9345475778127976,-1.8613310931236513,-2.057280783614159,0.47210317117837014,20
24,0.14982435703277588,0.03881578305203377,0.008812332153320312,0.022667510870870124,0.001,False,lsqr,"{'alpha': 0.001, 'fit_intercept': False, 'solver': 'lsqr'}",-4.6597093830262795,-4.7626297022786845,-4.733630889128497,-5.169799348878635,-5.0960239707567,-4.795481830405809,-5.142165027574191,-4.838938054651848,-4.793686081604244,-4.8334596550648135,-4.88255239433697,0.17363425150598716,91
25,0.13337764739990235,0.03708984990538576,0.0013661623001098634,0.0003973316466108755,0.001,False,sparse_cg,"{'alpha': 0.001, 'fit_intercept': False, 'solver': 'sparse_cg'}",-4.659709383026279,-4.7626297022786845,-4.733630889128497,-5.169799348878634,-5.0960239707567,-4.7954818304058096,-5.142165027574191,-4.838938054651848,-4.793686081604244,-4.833459655064813,-4.88255239433697,0.17363425150598708,91
26,2.2044702529907227,0.505794601704516,0.03679354190826416,0.04301412004882689,0.001,False,sag,"{'alpha': 0.001, 'fit_intercept': False, 'solver': 'sag'}",-2.365612269566531,-1.820832455781955,-1.9080892632194986,-2.8320150477394757,-2.405357732337964,-1.8648506276327634,-2.075288431598255,-1.888231851885663,-2.0726761376894296,-1.989355868322219,-2.1222309685773753,0.3038423433916071,37
27,2.219944167137146,0.12489187880782403,0.02924184799194336,0.04111433626289935,0.001,False,saga,"{'alpha': 0.001, 'fit_intercept': False, 'solver': 'saga'}",-2.361020098770172,-1.858504485574627,-1.9445233395174488,-2.7662880718878875,-2.388988961529731,-1.8959693574559209,-2.1460574739264935,-1.9333572353058186,-2.0993939390199112,-2.0129296964380576,-2.1407032659426064,0.27214199116365295,51
28,0.5267391204833984,0.05912722344561765,0.010463142395019531,0.026089101977725973,0.01,True,auto,"{'alpha': 0.01, 'fit_intercept': True, 'solver': 'auto'}",-2.172054002289347,-1.7248992137694272,-1.7048019617009817,-2.639300313582796,-2.4541599932326528,-1.7118879747756939,-1.946404391447226,-1.7600311264364423,-1.9200084668456079,-1.874268039492316,-1.990781548357249,0.3118035528792368,2
29,2.2218942165374758,0.21974586983323435,0.010267376899719238,0.024335180195181935,0.01,True,svd,"{'alpha': 0.01, 'fit_intercept': True, 'solver': 'svd'}",-2.1720540022893733,-1.7248992137694088,-1.70480196170096,-2.639300313582831,-2.454159993232694,-1.7118879747756703,-1.9464043914472264,-1.760031126436429,-1.9200084668455746,-1.8742680394923197,-1.9907815483572484,0.3118035528792589,1
30,0.6000350475311279,0.08684523223508363,0.019727468490600586,0.03469678295990601,0.01,True,cholesky,"{'alpha': 0.01, 'fit_intercept': True, 'solver': 'cholesky'}",-2.172054002289347,-1.7248992137694272,-1.7048019617009817,-2.639300313582796,-2.4541599932326528,-1.7118879747756939,-1.946404391447226,-1.7600311264364423,-1.9200084668456079,-1.874268039492316,-1.990781548357249,0.3118035528792368,2
31,0.3076211929321289,0.04382025567210935,0.017633485794067382,0.032642649403667616,0.01,True,lsqr,"{'alpha': 0.01, 'fit_intercept': True, 'solver': 'lsqr'}",-2.539483183081442,-2.203699542879862,-2.2054094107607125,-3.1129182283117083,-2.672806703996364,-2.288817380881771,-2.6261956103892463,-2.3211927116942674,-2.340760270783334,-2.358701792928858,-2.466998483570757,0.26619435762496274,79
32,0.38293392658233644,0.07180239273301946,0.017896246910095216,0.03306878259232871,0.01,True,sparse_cg,"{'alpha': 0.01, 'fit_intercept': True, 'solver': 'sparse_cg'}",-2.4478890008095573,-1.914685918070832,-2.062180146144751,-3.2274001062052333,-2.416226186717707,-1.931645678230944,-2.225423693708644,-2.002098316290719,-2.194795636533448,-2.0516516344394766,-2.2473996317151315,0.37088336319715004,63
33,2.2747021436691286,0.263221220768732,0.01990852355957031,0.03509327807929424,0.01,True,sag,"{'alpha': 0.01, 'fit_intercept': True, 'solver': 'sag'}",-2.334418656896667,-1.8151021120246056,-1.9265126821430514,-2.6640025274778836,-2.428518178010159,-1.821665699137032,-2.0938234201669594,-1.8994402417846228,-2.0444175562921036,-1.9653952188861556,-2.099329629281924,0.27040257357961733,33
34,2.2702422380447387,0.23573203778423704,0.009910011291503906,0.025259081544117667,0.01,True,saga,"{'alpha': 0.01, 'fit_intercept': True, 'solver': 'saga'}",-2.3462111723890198,-1.8414571086584774,-1.9742558223942712,-2.724717457850114,-2.3728221523414317,-1.8831115987767904,-2.1311811858685576,-1.9283684323389456,-2.0944788050365624,-2.0042670721252427,-2.1300870807779413,0.26183830658559226,46
35,0.48799705505371094,0.10756050870859868,0.0015355348587036133,0.0001667661951444803,0.01,False,auto,"{'alpha': 0.01, 'fit_intercept': False, 'solver': 'auto'}",-2.171192965615889,-1.7347859009630182,-1.7000524528118865,-2.605060560252629,-2.465696833141389,-1.7100977144893275,-1.9485618140923302,-1.7681066148177251,-1.9347084228945919,-1.8794146909467928,-1.991767797002558,0.30515172983013006,4
36,2.1043389558792116,0.13817140505013953,0.027759838104248046,0.038423650304194555,0.01,False,svd,"{'alpha': 0.01, 'fit_intercept': False, 'solver': 'svd'}",-2.171192965621221,-1.7347859009602247,-1.7000524528106877,-2.6050605602549473,-2.4656968331489164,-1.710097714491084,-1.9485618140937782,-1.7681066148172608,-1.9347084228945706,-1.879414690945339,-1.9917677970038032,0.3051517298323338,6
37,0.5127784967422485,0.09419935964256505,0.00964667797088623,0.024711271834657163,0.01,False,cholesky,"{'alpha': 0.01, 'fit_intercept': False, 'solver': 'cholesky'}",-2.171192965615889,-1.7347859009630182,-1.7000524528118865,-2.605060560252629,-2.465696833141389,-1.7100977144893275,-1.9485618140923302,-1.7681066148177251,-1.9347084228945919,-1.8794146909467928,-1.991767797002558,0.30515172983013006,4
38,0.18179104328155518,0.0678024328106124,0.017601919174194337,0.03261584998443794,0.01,False,lsqr,"{'alpha': 0.01, 'fit_intercept': False, 'solver': 'lsqr'}",-4.6597093956035,-4.762629686136174,-4.73363086959459,-5.169799373113642,-5.096024026252984,-4.795481817129894,-5.142165067399593,-4.838938041260618,-4.793686071867465,-4.833459594503715,-4.882552394286217,0.17363427268152742,89
39,0.2083355665206909,0.047895032961666126,0.009755921363830567,0.024207956115401358,0.01,False,sparse_cg,"{'alpha': 0.01, 'fit_intercept': False, 'solver': 'sparse_cg'}",-4.6597093956035,-4.762629686136174,-4.73363086959459,-5.169799373113642,-5.0960240262529855,-4.795481817129895,-5.142165067399593,-4.838938041260618,-4.793686071867465,-4.833459594503715,-4.8825523942862175,0.1736342726815276,90
40,2.2954599618911744,0.2455690754925585,0.020346307754516603,0.0365415174662649,0.01,False,sag,"{'alpha': 0.01, 'fit_intercept': False, 'solver': 'sag'}",-2.3264114654444468,-1.812763070287629,-1.9307910402436617,-2.795768497798996,-2.4374002424000034,-1.848405332706006,-2.0979674110697686,-1.9170444264472586,-2.0756716568209743,-1.9961540896821273,-2.1238377232900874,0.293734884618043,41
41,2.1503122568130495,0.5724931781125295,0.04627768993377686,0.04268561447844006,0.01,False,saga,"{'alpha': 0.01, 'fit_intercept': False, 'solver': 'saga'}",-2.3669936365738646,-1.8476342554392418,-1.9514624425058202,-2.840859990697614,-2.3919699678219613,-1.9021735615094295,-2.1427416426829793,-1.9348554143860517,-2.094709238078433,-2.007221196993795,-2.148062134668919,0.2906765483168109,54
42,0.528659987449646,0.08707655682574776,0.0016082286834716796,0.00012883074057734492,0.1,True,auto,"{'alpha': 0.1, 'fit_intercept': True, 'solver': 'auto'}",-2.2298911994671786,-1.7525961305222388,-1.7893746293333093,-2.3692791522433336,-2.347140158040179,-1.7671429369442366,-1.9895867922876507,-1.7957814489657369,-2.001884660270858,-1.9007798335951733,-1.9943456941669893,0.22822348948273924,8
43,2.262353801727295,0.11081659305914549,0.01929759979248047,0.03575844289114753,0.1,True,svd,"{'alpha': 0.1, 'fit_intercept': True, 'solver': 'svd'}",-2.229891199467192,-1.7525961305222177,-1.789374629333302,-2.3692791522432897,-2.3471401580401863,-1.7671429369442315,-1.9895867922876544,-1.7957814489657393,-2.0018846602708713,-1.9007798335951795,-1.9943456941669861,0.22822348948273743,7
44,0.6199373722076416,0.09375939377258975,0.0015124082565307617,0.00015225587612941035,0.1,True,cholesky,"{'alpha': 0.1, 'fit_intercept': True, 'solver': 'cholesky'}",-2.2298911994671786,-1.7525961305222388,-1.7893746293333093,-2.3692791522433336,-2.347140158040179,-1.7671429369442366,-1.9895867922876507,-1.7957814489657369,-2.001884660270858,-1.9007798335951733,-1.9943456941669893,0.22822348948273924,8
45,0.389935302734375,0.07699553016379942,0.0014293193817138672,0.00025732633325708506,0.1,True,lsqr,"{'alpha': 0.1, 'fit_intercept': True, 'solver': 'lsqr'}",-2.5393706017590922,-2.2037433454248108,-2.20544083436768,-3.1126901016154123,-2.672791710054111,-2.2888476886149776,-2.6261993056100037,-2.3212264978653105,-2.34076934836925,-2.3587600625947376,-2.4669839496275383,0.26612090115624243,78
46,0.4303899765014648,0.044320322618182716,0.0015328645706176758,0.0008406690423871529,0.1,True,sparse_cg,"{'alpha': 0.1, 'fit_intercept': True, 'solver': 'sparse_cg'}",-2.4473715330200716,-1.9147912728033998,-2.062072117988513,-3.2265617507605864,-2.416178577322507,-1.9318422198457426,-2.2256455012725995,-2.002257662998786,-2.1945995637146116,-2.051865304161572,-2.2473185503888393,0.3705905987503585,62
47,2.0190052509307863,0.2590530297817842,0.010309290885925294,0.02677303733345302,0.1,True,sag,"{'alpha': 0.1, 'fit_intercept': True, 'solver': 'sag'}",-2.383946681618428,-1.8051805821757803,-1.903570367664535,-2.701948611667165,-2.3978146804588367,-1.8626201625732945,-2.1012511004197743,-1.9106550044276336,-2.052439137561311,-1.980060180581433,-2.109948650914819,0.27659078830606615,35
48,2.067057418823242,0.25465740025395106,0.0015504121780395507,0.0005163443387407204,0.1,True,saga,"{'alpha': 0.1, 'fit_intercept': True, 'solver': 'saga'}",-2.3612074324059464,-1.843616667964871,-1.929402985653005,-2.782448868841398,-2.364884731684304,-1.865556922539649,-2.135813422473545,-1.9303388916273196,-2.0963464817325432,-2.0291247535918924,-2.133874115851447,0.2788473771887739,47
49,0.44978890419006345,0.0787668142623351,0.0014843463897705079,0.00021451559255694064,0.1,False,auto,"{'alpha': 0.1, 'fit_intercept': False, 'solver': 'auto'}",-2.231001203300641,-1.7572693043454097,-1.7867720969215635,-2.374924239469024,-2.349310704357283,-1.765564622117602,-1.9895547038181953,-1.7994471482979957,-2.007646317523792,-1.9022036360111698,-1.9963693976162677,0.22915351140577295,10
50,2.042246174812317,0.07868912880509006,0.010171198844909668,0.024862202450006494,0.1,False,svd,"{'alpha': 0.1, 'fit_intercept': False, 'solver': 'svd'}",-2.231001203304195,-1.7572693043440344,-1.786772096920546,-2.3749242394695607,-2.3493107043589427,-1.7655646221179684,-1.9895547038193517,-1.7994471482980317,-2.0076463175221373,-1.9022036360097163,-1.9963693976164485,0.2291535114067258,12
51,0.5113773345947266,0.0525620996924855,0.02806224822998047,0.040389226056624,0.1,False,cholesky,"{'alpha': 0.1, 'fit_intercept': False, 'solver': 'cholesky'}",-2.231001203300641,-1.7572693043454097,-1.7867720969215635,-2.374924239469024,-2.349310704357283,-1.765564622117602,-1.9895547038181953,-1.7994471482979957,-2.007646317523792,-1.9022036360111698,-1.9963693976162677,0.22915351140577295,10
52,0.23921582698822022,0.047147775746031746,0.01902916431427002,0.03543300354114675,0.1,False,lsqr,"{'alpha': 0.1, 'fit_intercept': False, 'solver': 'lsqr'}",-4.659709521384197,-4.762629524719889,-4.733630674264343,-5.169799615472091,-5.096024581223886,-4.795481684379508,-5.142165465661799,-4.838937907357096,-4.793685974508389,-4.83345898890197,-4.882552393787316,0.17363448443688903,87
53,0.2564455509185791,0.045920324405527964,0.001663374900817871,0.0006964634876774678,0.1,False,sparse_cg,"{'alpha': 0.1, 'fit_intercept': False, 'solver': 'sparse_cg'}",-4.659709521384197,-4.762629524719889,-4.733630674264342,-5.169799615472091,-5.096024581223888,-4.795481684379508,-5.142165465661797,-4.838937907357096,-4.793685974508388,-4.83345898890197,-4.882552393787317,0.1736344844368891,88
54,2.2605220079421997,0.2812876560149826,0.02845122814178467,0.04132480083482423,0.1,False,sag,"{'alpha': 0.1, 'fit_intercept': False, 'solver': 'sag'}",-2.411625158595248,-1.8532064846209915,-1.8863758224678755,-2.7656734979140407,-2.4709922615940103,-2.0001117997604916,-2.1098747264633557,-1.9092577181619828,-2.1762231930129494,-1.9696168726304841,-2.155295753522143,0.28689725412544276,57
55,2.143340492248535,0.14174638986185248,0.026593637466430665,0.03868812248072822,0.1,False,saga,"{'alpha': 0.1, 'fit_intercept': False, 'solver': 'saga'}",-2.39141881685833,-1.8436265781665269,-1.9465262041818212,-2.83135847850553,-2.3636077398135757,-1.9036332495176336,-2.1424888495309125,-1.9424606376686053,-2.1009248230148567,-2.0224754264170794,-2.1488520803674875,0.28738654105122147,56
56,0.5224017381668091,0.039093764254113685,0.010010099411010743,0.026242039514884876,1,True,auto,"{'alpha': 1, 'fit_intercept': True, 'solver': 'auto'}",-2.27091859133045,-1.7684017113626105,-1.87905709550598,-2.5297802540215018,-2.3634581050602455,-1.8110669471719578,-2.041500897498285,-1.8500638749882314,-2.001762454716052,-1.935640893357114,-2.0451650825012426,0.24455591730102366,14
57,2.0725375175476075,0.07437306411166068,0.03482358455657959,0.04105703745497556,1,True,svd,"{'alpha': 1, 'fit_intercept': True, 'solver': 'svd'}",-2.270918591330452,-1.7684017113626054,-1.8790570955059713,-2.5297802540214867,-2.3634581050602392,-1.8110669471719614,-2.0415008974982864,-1.850063874988231,-2.0017624547160597,-1.935640893357121,-2.0451650825012413,0.24455591730102047,13
58,0.4738611221313477,0.07510063779523869,0.0016354560852050782,0.0009008829118872511,1,True,cholesky,"{'alpha': 1, 'fit_intercept': True, 'solver': 'cholesky'}",-2.27091859133045,-1.7684017113626105,-1.87905709550598,-2.5297802540215018,-2.3634581050602455,-1.8110669471719578,-2.041500897498285,-1.8500638749882314,-2.001762454716052,-1.935640893357114,-2.0451650825012426,0.24455591730102366,14
59,0.2813685417175293,0.0841102886378319,0.018469476699829103,0.034244540308052074,1,True,lsqr,"{'alpha': 1, 'fit_intercept': True, 'solver': 'lsqr'}",-2.5382697793929667,-2.2041978488937235,-2.2057717163289583,-3.1104397775496015,-2.6726610809804283,-2.289168290380605,-2.6262540509317867,-2.321580167306921,-2.340880101515487,-2.359357689839655,-2.4668580503120134,0.26539057773246777,77
60,0.43010189533233645,0.059833645383055474,0.009397339820861817,0.02430781582317454,1,True,sparse_cg,"{'alpha': 1, 'fit_intercept': True, 'solver': 'sparse_cg'}",-2.4423633450661573,-1.915920925810844,-2.061090756010882,-3.218354225792845,-2.4157978768306507,-1.933871135081846,-2.2279170946394085,-2.0039155147419705,-2.1927614734348415,-2.0540577670664324,-2.2466050114475875,0.36770029443815033,61
61,2.2607402324676515,0.24142810663372744,0.02770068645477295,0.04023180674040203,1,True,sag,"{'alpha': 1, 'fit_intercept': True, 'solver': 'sag'}",-2.355966913426572,-1.821504166174588,-1.9190822184563225,-2.65744476785277,-2.4101573606203868,-1.846878309229756,-2.071398749296164,-1.9043737179807427,-2.0546391622267177,-1.9641664924233264,-2.100561185768735,0.2657848666959147,34
62,2.1715898513793945,0.36415720205451374,0.01845366954803467,0.03444581774960154,1,True,saga,"{'alpha': 1, 'fit_intercept': True, 'solver': 'saga'}",-2.337338128583012,-1.8683562062202548,-1.9483588067683941,-2.8058899874226473,-2.3696454521882746,-1.8785734415522544,-2.137515291564243,-1.9338619813174234,-2.09218511647292,-2.0056671083821507,-2.1377391520471574,0.27869856838564966,50
63,0.47263171672821047,0.04430219928374054,0.010312342643737793,0.026563763126766293,1,False,auto,"{'alpha': 1, 'fit_intercept': False, 'solver': 'auto'}",-2.275208472335794,-1.771281486592726,-1.8675017039748545,-2.537692682431044,-2.3644213746437313,-1.81074272987124,-2.040659579237621,-1.8529060614413864,-2.0048145692864394,-1.9350730734135912,-2.0460301733228428,0.2469176135597535,16
64,2.202271819114685,0.15490289897451395,0.010401630401611328,0.024250542763129993,1,False,svd,"{'alpha': 1, 'fit_intercept': False, 'solver': 'svd'}",-2.2752084723366224,-1.7712814865925557,-1.8675017039741988,-2.5376926824308867,-2.364421374643939,-1.8107427298712009,-2.0406595792380373,-1.8529060614415116,-2.004814569286005,-1.9350730734134851,-2.046030173322844,0.24691761355989725,18
65,0.5085626125335694,0.07871539652314653,0.010598349571228027,0.02594980691219304,1,False,cholesky,"{'alpha': 1, 'fit_intercept': False, 'solver': 'cholesky'}",-2.275208472335794,-1.771281486592726,-1.8675017039748545,-2.537692682431044,-2.3644213746437313,-1.81074272987124,-2.040659579237621,-1.8529060614413864,-2.0048145692864394,-1.9350730734135912,-2.0460301733228428,0.2469176135597535,16
66,0.2319817304611206,0.05650483105285911,0.010399055480957032,0.024197589344685144,1,False,lsqr,"{'alpha': 1, 'fit_intercept': False, 'solver': 'lsqr'}",-4.6597107800398065,-4.762627911438291,-4.733628721844685,-5.169802039893852,-5.096030131738176,-4.795480357751699,-5.142169449103599,-4.8389365692005155,-4.793685001788458,-4.833452933807264,-4.882552389660636,0.1736366019864422,86
67,0.20970385074615477,0.04484528258214899,0.009470009803771972,0.024286901349875562,1,False,sparse_cg,"{'alpha': 1, 'fit_intercept': False, 'solver': 'sparse_cg'}",-4.6597107800398065,-4.762627911438291,-4.733628721844684,-5.16980203989385,-5.096030131738177,-4.795480357751699,-5.142169449103598,-4.8389365692005155,-4.793685001788459,-4.833452933807264,-4.882552389660634,0.1736366019864419,85
68,2.1270491600036623,0.3358840580084506,0.009634971618652344,0.024327868266036168,1,False,sag,"{'alpha': 1, 'fit_intercept': False, 'solver': 'sag'}",-2.3893833093526284,-2.1432762413598363,-1.8942088430987671,-2.7405256263642435,-2.4056629716383755,-1.861102442041008,-2.1013230679141346,-1.9703697986791453,-2.081342410805037,-1.9776181363956544,-2.156481284764883,0.26248244074715815,58
69,2.3172785520553587,0.11885733913575458,0.002476930618286133,0.0020184323687071296,1,False,saga,"{'alpha': 1, 'fit_intercept': False, 'solver': 'saga'}",-2.3777310615007807,-1.851008058395266,-1.9508391657987676,-2.8158752425675275,-2.3787918913001693,-1.9146542763282473,-2.141279699314654,-1.9528122345157681,-2.098094860612666,-2.0066088912183755,-2.1487695381552223,0.28182350947815904,55
70,0.5782643795013428,0.03663144032856355,0.010761332511901856,0.026084610632994144,10,True,auto,"{'alpha': 10, 'fit_intercept': True, 'solver': 'auto'}",-2.299112676245828,-1.8298024712070786,-1.9345336419099122,-2.7943339817199773,-2.359729993925055,-1.885129337099349,-2.1336543832501,-1.9280836855086934,-2.054057843376046,-2.005247577033856,-2.1223685591275894,0.2779448584696172,38
71,2.0823515176773073,0.13298035801183844,0.008966946601867675,0.022815516610343155,10,True,svd,"{'alpha': 10, 'fit_intercept': True, 'solver': 'svd'}",-2.299112676245826,-1.829802471207078,-1.9345336419099113,-2.794333981719977,-2.3597299939250522,-1.885129337099349,-2.1336543832500996,-1.9280836855086925,-2.054057843376049,-2.0052475770338574,-2.1223685591275894,0.2779448584696168,38
72,0.5407118558883667,0.08931692015078077,0.010089993476867676,0.026215656800778902,10,True,cholesky,"{'alpha': 10, 'fit_intercept': True, 'solver': 'cholesky'}",-2.299112676245828,-1.8298024712070786,-1.9345336419099122,-2.7943339817199773,-2.359729993925055,-1.885129337099349,-2.1336543832501,-1.9280836855086934,-2.054057843376046,-2.005247577033856,-2.1223685591275894,0.2779448584696172,38
73,0.36920297145843506,0.06945246126470042,0.0013442516326904296,0.00020757392431659436,10,True,lsqr,"{'alpha': 10, 'fit_intercept': True, 'solver': 'lsqr'}",-2.529583342612838,-2.21025899304041,-2.21061139642826,-3.09082047779399,-2.6731385693968455,-2.2939906461677273,-2.6284451704414074,-2.326574723432631,-2.343825279711438,-2.3667055029506825,-2.467395410197623,0.25848758306975245,82
74,0.347028923034668,0.048468368766973094,0.0012533426284790038,0.00021729457919888157,10,True,sparse_cg,"{'alpha': 10, 'fit_intercept': True, 'solver': 'sparse_cg'}",-2.4063055945823035,-1.9333551808713294,-2.0594779872090134,-3.151475562356954,-2.4198208757786204,-1.959188082359454,-2.2548317197282257,-2.025616739479615,-2.1845773471626253,-2.080358454150375,-2.247500754367852,0.34211548006016673,66
75,1.4375953912734984,0.2677779870693367,0.010070896148681641,0.02630494469299549,10,True,sag,"{'alpha': 10, 'fit_intercept': True, 'solver': 'sag'}",-2.3352296148290113,-1.8353869124163609,-1.9283171174782023,-2.7940938329652054,-2.378942678115418,-1.8947418856753413,-2.1488807189537877,-1.9539090781494381,-2.0768952317516245,-2.0079316551810837,-2.1354328725515472,0.2786972619327901,48
76,1.796487021446228,0.23045093880223005,0.010605955123901367,0.024528098621039027,10,True,saga,"{'alpha': 10, 'fit_intercept': True, 'solver': 'saga'}",-2.343520895327576,-1.8776771317832976,-1.9795577013155892,-2.860910846578753,-2.3775887868444436,-1.939931060951848,-2.2041102786175633,-1.972820720358108,-2.124913964443464,-2.0641974813123296,-2.1745228867532975,0.27897644820466055,59
77,0.43909053802490233,0.07662657553809124,0.018929290771484374,0.03483879376167673,10,False,auto,"{'alpha': 10, 'fit_intercept': False, 'solver': 'auto'}",-2.30939429695493,-1.8311759420383635,-1.9250437577230777,-2.8023454971476647,-2.361862270610109,-1.8851129915385632,-2.133279163663135,-1.930614409422567,-2.056573716483445,-2.003325401729231,-2.1238727447311083,0.28108561447650626,43
78,1.7996928215026855,0.11051788219531708,0.01904914379119873,0.03488626453309623,10,False,svd,"{'alpha': 10, 'fit_intercept': False, 'solver': 'svd'}",-2.309394296955017,-1.8311759420383606,-1.9250437577230304,-2.802345497147461,-2.361862270610108,-1.8851129915385256,-2.133279163663186,-1.9306144094225675,-2.056573716483422,-2.0033254017292053,-2.123872744731089,0.2810856144764714,42
79,0.4692716360092163,0.044337552931200966,0.001702594757080078,0.0007581254417549757,10,False,cholesky,"{'alpha': 10, 'fit_intercept': False, 'solver': 'cholesky'}",-2.30939429695493,-1.8311759420383635,-1.9250437577230777,-2.8023454971476647,-2.361862270610109,-1.8851129915385632,-2.133279163663135,-1.930614409422567,-2.056573716483445,-2.003325401729231,-2.1238727447311083,0.28108561447650626,43
80,0.2982762575149536,0.07249767989428572,0.0015542030334472657,0.000325286339249102,10,False,lsqr,"{'alpha': 10, 'fit_intercept': False, 'solver': 'lsqr'}",-4.6597234514442345,-4.762611866731596,-4.733609285913678,-5.169826367822174,-5.0960857173928895,-4.795467179062354,-5.142209365480259,-4.8389232754818705,-4.793675361658003,-4.833392475117694,-4.882552434610476,0.17365777707528,95
81,0.20442509651184082,0.057749326679254864,0.009360003471374511,0.024358763412219316,10,False,sparse_cg,"{'alpha': 10, 'fit_intercept': False, 'solver': 'sparse_cg'}",-4.6597234514442345,-4.762611866731597,-4.733609285913678,-5.169826367822174,-5.0960857173928895,-4.795467179062354,-5.142209365480259,-4.8389232754818705,-4.793675361658002,-4.833392475117694,-4.882552434610476,0.17365777707527996,95
82,1.8467048406600952,0.2719694497256218,0.028944873809814455,0.040848606287985,10,False,sag,"{'alpha': 10, 'fit_intercept': False, 'solver': 'sag'}",-2.3200076553716547,-1.8449056252980613,-1.9465006772146418,-2.8098608193018895,-2.410306946672067,-1.8913496972195687,-2.157214475863037,-1.9422189258023406,-2.134535316840547,-2.0179389444587605,-2.147483908404257,0.2818357919607011,53
83,1.9327597856521606,0.2342516014072961,0.010138869285583496,0.02491024118240415,10,False,saga,"{'alpha': 10, 'fit_intercept': False, 'solver': 'saga'}",-2.3795010181325917,-1.88877555429348,-1.977486648481977,-2.8801004103492,-2.393110904368807,-1.9356193648434652,-2.2326765340657633,-1.9798899792727738,-2.118002433145967,-2.0535744351546046,-2.1838737282108633,0.2869492342216663,60
84,0.5286000490188598,0.06130747442837904,0.010208415985107421,0.0257866023311525,100,True,auto,"{'alpha': 100, 'fit_intercept': True, 'solver': 'auto'}",-2.4695404557419667,-2.215417365873467,-2.247695106127272,-3.006240679667772,-2.639549220079015,-2.2820048250962577,-2.562380206081765,-2.3150236242234885,-2.3682660150885284,-2.3892588762629194,-2.4495376374242452,0.22607715816011764,70
85,2.052337169647217,0.1513336291942238,0.01955838203430176,0.03439846558000433,100,True,svd,"{'alpha': 100, 'fit_intercept': True, 'solver': 'svd'}",-2.4695404557419667,-2.2154173658734666,-2.2476951061272725,-3.006240679667773,-2.6395492200790147,-2.2820048250962577,-2.562380206081764,-2.315023624223488,-2.3682660150885297,-2.389258876262918,-2.4495376374242452,0.2260771581601179,70
86,0.5105571508407593,0.1020589352255159,0.0012625694274902345,0.0002625369261766781,100,True,cholesky,"{'alpha': 100, 'fit_intercept': True, 'solver': 'cholesky'}",-2.4695404557419667,-2.215417365873467,-2.247695106127272,-3.006240679667772,-2.639549220079015,-2.2820048250962577,-2.562380206081765,-2.3150236242234885,-2.3682660150885284,-2.3892588762629194,-2.4495376374242452,0.22607715816011764,70
87,0.3502481460571289,0.055505480816631335,0.0015131711959838867,0.0001671708739979241,100,True,lsqr,"{'alpha': 100, 'fit_intercept': True, 'solver': 'lsqr'}",-2.567764181019148,-2.344602500945479,-2.333625146148426,-3.055725459771469,-2.768850075978397,-2.422605830808116,-2.733938820581874,-2.4490557125480037,-2.463170937542936,-2.5056211822523,-2.5644959847596147,0.21462416350027227,84
88,0.4310317516326904,0.04237613850563245,0.019158148765563966,0.034770813012215095,100,True,sparse_cg,"{'alpha': 100, 'fit_intercept': True, 'solver': 'sparse_cg'}",-2.496937491196257,-2.2447266446139302,-2.2714448797219293,-3.062606183868917,-2.6734370982060778,-2.3261878084773304,-2.5898124281289334,-2.343675470000828,-2.396707783322893,-2.4306849530936563,-2.4836220740630752,0.23227639895580968,83
89,1.092475986480713,0.2829072657416474,0.009460783004760743,0.024404237847979616,100,True,sag,"{'alpha': 100, 'fit_intercept': True, 'solver': 'sag'}",-2.4741608824462547,-2.231658334945073,-2.254225533866273,-3.0039582624727212,-2.637294410197966,-2.272936480056186,-2.557744410024301,-2.300930327378287,-2.3688297543151506,-2.385510183177724,-2.448724857887994,0.22459893718556642,69
90,1.261322522163391,0.2076180966620733,0.0017513275146484376,0.0009371770305300672,100,True,saga,"{'alpha': 100, 'fit_intercept': True, 'solver': 'saga'}",-2.457129127331505,-2.18674294379179,-2.228467783243499,-2.9889325982686934,-2.6199853215582225,-2.3009406240794994,-2.530932255459271,-2.2908798479640193,-2.3551974702272,-2.379166730493843,-2.4338374702417545,0.22433357495674786,67
91,0.43096485137939455,0.05971805654007225,0.0013659238815307618,0.00025451491977151157,100,False,auto,"{'alpha': 100, 'fit_intercept': False, 'solver': 'auto'}",-2.481998495429867,-2.2127707870012947,-2.2396912093165064,-3.0130944903578643,-2.6458836670579133,-2.277485362104604,-2.568835675435499,-2.3134020085422904,-2.374518974960681,-2.383194790598329,-2.451087546080485,0.23014515628925128,74
92,1.6776434898376464,0.13896831506054427,0.01017014980316162,0.024456767789792933,100,False,svd,"{'alpha': 100, 'fit_intercept': False, 'solver': 'svd'}",-2.481998495429876,-2.21277078700129,-2.239691209316496,-3.0130944903578296,-2.6458836670579,-2.2774853621045654,-2.5688356754354884,-2.3134020085422815,-2.374518974960688,-2.3831947905983006,-2.4510875460804713,0.23014515628924687,73
93,0.4188464879989624,0.058364077603045204,0.009788250923156739,0.024280929044459092,100,False,cholesky,"{'alpha': 100, 'fit_intercept': False, 'solver': 'cholesky'}",-2.481998495429867,-2.2127707870012947,-2.2396912093165064,-3.0130944903578643,-2.6458836670579133,-2.277485362104604,-2.568835675435499,-2.3134020085422904,-2.374518974960681,-2.383194790598329,-2.451087546080485,0.23014515628925128,74
94,0.24903783798217774,0.043261396155370745,0.0014811277389526368,0.00019645453800001887,100,False,lsqr,"{'alpha': 100, 'fit_intercept': False, 'solver': 'lsqr'}",-4.659858634368042,-4.762460214273337,-4.733423736843938,-5.170078002335591,-5.096649609606613,-4.795344134801982,-5.14261670946707,-4.838799106718374,-4.7935876510635795,-4.832797097269044,-4.882561489674758,0.17386948691067464,97
95,0.22104883193969727,0.03445449229199652,0.009498023986816406,0.0244162203403259,100,False,sparse_cg,"{'alpha': 100, 'fit_intercept': False, 'solver': 'sparse_cg'}",-4.659858634368042,-4.762460214273337,-4.733423736843938,-5.170078002335591,-5.096649609606614,-4.795344134801983,-5.142616709467069,-4.838799106718374,-4.7935876510635795,-4.832797097269044,-4.882561489674758,0.17386948691067455,97
96,0.9880155324935913,0.08457562101190279,0.018009591102600097,0.0323345068197281,100,False,sag,"{'alpha': 100, 'fit_intercept': False, 'solver': 'sag'}",-2.485108562982048,-2.221194309275064,-2.24315494846987,-3.0374114232480807,-2.6418539918570345,-2.2786002553962095,-2.5610963692991056,-2.317990592350387,-2.3731835591869923,-2.3682686485026947,-2.4527862660567488,0.23449511104501747,76
97,0.9359008550643921,0.05939791758902912,0.0015085935592651367,0.001224063639074521,100,False,saga,"{'alpha': 100, 'fit_intercept': False, 'solver': 'saga'}",-2.4976049016685513,-2.1956350525892128,-2.2230106112754906,-3.015450627996431,-2.6343062473436896,-2.2660522647004244,-2.5254303586690177,-2.2845891452994778,-2.362305646583025,-2.3628906090091872,-2.436727546513451,0.23507427886248738,68
