,mean_fit_time,std_fit_time,mean_score_time,std_score_time,param_alpha,param_fit_intercept,param_solver,params,split0_test_score,split1_test_score,split2_test_score,split3_test_score,split4_test_score,split5_test_score,split6_test_score,split7_test_score,split8_test_score,split9_test_score,mean_test_score,std_test_score,rank_test_score
0,2.78367075920105,0.32342052304592267,0.010680747032165528,0.02639138479676518,0.0001,True,auto,"{'alpha': 0.0001, 'fit_intercept': True, 'solver': 'auto'}",-1.7988210926128694,-2.124077993001453,-1.9666604972881159,-1.7876285500076903,-2.2092067242837157,-3.0697542329483616,-1.9894219992195261,-1.7135744226373002,-2.220156086242793,-1.8266333679173306,-2.0705934966159156,0.3743080025843699,29
1,4.505681443214416,0.3037450777031901,0.001446700096130371,0.0002337459068984683,0.0001,True,svd,"{'alpha': 0.0001, 'fit_intercept': True, 'solver': 'svd'}",-1.7988210926128405,-2.1240779930011877,-1.9666604972898851,-1.787628550007458,-2.20920672428441,-3.069754232940094,-1.989421999218687,-1.7135744226373253,-2.220156086243656,-1.8266333679173545,-2.0705934966152895,0.3743080025822042,28
2,2.526697039604187,0.2399379733937456,0.01002187728881836,0.025201362604478136,0.0001,True,cholesky,"{'alpha': 0.0001, 'fit_intercept': True, 'solver': 'cholesky'}",-1.7988210926128694,-2.124077993001453,-1.9666604972881159,-1.7876285500076903,-2.2092067242837157,-3.0697542329483616,-1.9894219992195261,-1.7135744226373002,-2.220156086242793,-1.8266333679173306,-2.0705934966159156,0.3743080025843699,29
3,1.9831449747085572,1.0724555688212245,0.029001784324645997,0.059806179735373784,0.0001,True,lsqr,"{'alpha': 0.0001, 'fit_intercept': True, 'solver': 'lsqr'}",-2.1959115883048423,-2.740326642310585,-2.4277363611369567,-2.4056154662441234,-2.5136025786640053,-3.0837720796990467,-2.4858778259837013,-2.2829017407882186,-2.2253257797933164,-2.4394739752444594,-2.4800544038169257,0.25055820697548,81
4,0.7482494592666626,0.6145655894058191,0.010221052169799804,0.026202055038356757,0.0001,True,sparse_cg,"{'alpha': 0.0001, 'fit_intercept': True, 'solver': 'sparse_cg'}",-2.0485619128272314,-2.5185086585434484,-2.164601448119865,-2.070113115667318,-2.1729787231285473,-3.1919304934972397,-2.442354049341669,-1.9939952977694022,-1.9933169665480803,-2.084984533987359,-2.268134519943016,0.351832048224399,66
5,1.9263480663299561,0.21413730471898373,0.2095269203186035,0.5692298427459331,0.0001,True,sag,"{'alpha': 0.0001, 'fit_intercept': True, 'solver': 'sag'}",-1.9246080629293647,-2.400578350878571,-2.116080507199015,-2.0079732627071123,-2.073786415129993,-2.550455882586707,-2.3196527479616242,-1.8472132851929308,-1.9164559139505712,-1.9675999850926729,-2.1124404413628564,0.2225429927927919,33
6,2.0185932159423827,0.3697368200234546,0.2724130153656006,0.7798975607024441,0.0001,True,saga,"{'alpha': 0.0001, 'fit_intercept': True, 'solver': 'saga'}",-1.9405074467771934,-2.4160960515322336,-2.1135764034064417,-1.9797349559826944,-2.1009277646666566,-2.719769879848108,-2.3397062547972567,-1.9120881055126067,-1.9284921869797442,-2.01055558875794,-2.1461454638260875,0.25159676380567836,48
7,0.44375250339508054,0.06444142885389821,0.010291481018066406,0.026582739315279564,0.0001,False,auto,"{'alpha': 0.0001, 'fit_intercept': False, 'solver': 'auto'}",-1.7912548281780027,-2.1247522359290483,-1.9588597283369034,-1.7859333508626496,-2.203199224518953,-3.0738431975818066,-1.9894101232078512,-1.714839773930611,-2.226717709781473,-1.8270216576363598,-2.069583182996366,0.376220226796794,26
8,2.1340054750442503,0.12959158999358428,0.0182830810546875,0.03413538561879339,0.0001,False,svd,"{'alpha': 0.0001, 'fit_intercept': False, 'solver': 'svd'}",-1.791254828160821,-2.124752235931524,-1.9588597283336826,-1.7859333508659136,-2.2031992244916694,-3.07384319744707,-1.989410123217309,-1.7148397739273094,-2.2267177097904454,-1.8270216576364675,-2.069583182980222,0.3762202267614929,25
9,0.47289941310882566,0.04375159204258051,0.001361536979675293,0.00019436475827322393,0.0001,False,cholesky,"{'alpha': 0.0001, 'fit_intercept': False, 'solver': 'cholesky'}",-1.7912548281780027,-2.1247522359290483,-1.9588597283369034,-1.7859333508626496,-2.203199224518953,-3.0738431975818066,-1.9894101232078512,-1.714839773930611,-2.226717709781473,-1.8270216576363598,-2.069583182996366,0.376220226796794,26
10,0.31935715675354004,0.05688476449472213,0.0014219045639038085,0.0002493829492234392,0.0001,False,lsqr,"{'alpha': 0.0001, 'fit_intercept': False, 'solver': 'lsqr'}",-4.491302594306839,-5.14835320091307,-4.7538812489038245,-4.797833862999178,-4.997002866181263,-5.377372625505621,-4.768392631878578,-4.596393056933302,-4.7915038545748585,-4.941848857905969,-4.866388480010249,0.24688433392324863,93
11,0.3616589307785034,0.04583734536019721,0.010161519050598145,0.026186685350320864,0.0001,False,sparse_cg,"{'alpha': 0.0001, 'fit_intercept': False, 'solver': 'sparse_cg'}",-4.491302594306839,-5.1483532009130695,-4.7538812489038245,-4.797833862999178,-4.997002866181263,-5.377372625505622,-4.768392631878578,-4.596393056933302,-4.7915038545748585,-4.941848857905968,-4.866388480010249,0.24688433392324868,93
12,2.2424458980560305,0.5332767016894409,0.010161638259887695,0.026299189878176556,0.0001,False,sag,"{'alpha': 0.0001, 'fit_intercept': False, 'solver': 'sag'}",-1.911692412472742,-2.4174482304893883,-2.099196586153864,-1.9792348556423003,-2.0945814396453186,-2.6869280477210413,-2.3052315707879343,-1.9551552747416876,-1.9286665163742565,-1.9869874178147844,-2.1365122351843318,0.24232776385917001,42
13,2.3378858089447023,0.232509288734207,0.010125732421875,0.024960088453157638,0.0001,False,saga,"{'alpha': 0.0001, 'fit_intercept': False, 'solver': 'saga'}",-1.9344570635777827,-2.4451700953936855,-2.1276997100710826,-1.9822858065594244,-2.1061839835249954,-2.7126198617146438,-2.3361290018229477,-1.8963633604762595,-1.9308555271919772,-2.0272255151119527,-2.1498989925444754,0.25352391813582054,50
14,0.5101208448410034,0.08012479642114045,0.010158467292785644,0.026278015931662766,0.001,True,auto,"{'alpha': 0.001, 'fit_intercept': True, 'solver': 'auto'}",-1.7935565263109792,-2.129148179443059,-1.952134158795021,-1.7718238681665424,-2.1941112181667073,-2.924193189436808,-1.9950361699483563,-1.7082962042699874,-2.173705024253415,-1.8297760724640368,-2.047178061125491,0.33577872667690684,20
15,2.1301423072814942,0.12425754319253167,0.01848604679107666,0.03375075523769544,0.001,True,svd,"{'alpha': 0.001, 'fit_intercept': True, 'solver': 'svd'}",-1.7935565263110071,-2.129148179443026,-1.9521341587951726,-1.7718238681664147,-2.1941112181668605,-2.924193189435814,-1.995036169948408,-1.7082962042699288,-2.173705024253316,-1.8297760724639482,-2.0471780611253894,0.3357787266766643,19
16,0.5510600090026856,0.044730914854484854,0.018945908546447753,0.03494408550193558,0.001,True,cholesky,"{'alpha': 0.001, 'fit_intercept': True, 'solver': 'cholesky'}",-1.7935565263109792,-2.129148179443059,-1.952134158795021,-1.7718238681665424,-2.1941112181667073,-2.924193189436808,-1.9950361699483563,-1.7082962042699874,-2.173705024253415,-1.8297760724640368,-2.047178061125491,0.33577872667690684,20
17,0.40227351188659666,0.0731362592753474,0.0013319015502929687,0.00023278165456374735,0.001,True,lsqr,"{'alpha': 0.001, 'fit_intercept': True, 'solver': 'lsqr'}",-2.1959119535642717,-2.740326700578974,-2.4277364733903366,-2.405614915198953,-2.5136024938599895,-3.083770670668811,-2.485877603770091,-2.2829017026198564,-2.225326082437412,-2.4394742413424053,-2.4800542837431103,0.2505578124027366,80
18,0.45109364986419676,0.07487309710825814,0.001388239860534668,0.0002128983676550741,0.001,True,sparse_cg,"{'alpha': 0.001, 'fit_intercept': True, 'solver': 'sparse_cg'}",-2.0485618033477504,-2.518508314692462,-2.164601689583934,-2.0701132132921165,-2.1729798856104336,-3.191922768945199,-2.4423498990414756,-1.993995365171776,-1.9933173012528862,-2.0849861070988576,-2.268133634803689,0.3518296395346517,65
19,2.153884506225586,0.2607207295847447,0.0013926267623901368,0.00021112757290455612,0.001,True,sag,"{'alpha': 0.001, 'fit_intercept': True, 'solver': 'sag'}",-1.9161927320351675,-2.392588001719234,-2.1074320910306756,-2.004903887214949,-2.0936287709297114,-2.517627824700691,-2.309443696081426,-1.8331529565209939,-1.949121268406346,-1.9793263885053642,-2.110341761714456,0.21313750207820784,32
20,2.237208032608032,0.14255575543577212,0.009971117973327637,0.02436742101417899,0.001,True,saga,"{'alpha': 0.001, 'fit_intercept': True, 'solver': 'saga'}",-1.9356953871622236,-2.4276403939852886,-2.1308702634253103,-1.9836518077882355,-2.094209555113123,-2.699405999634274,-2.3292691298735453,-1.90362507752516,-1.9227948639740287,-2.012510637300452,-2.143967311578164,0.24879860093064554,47
21,0.4529122352600098,0.06378288799833817,0.01013031005859375,0.026239404566733265,0.001,False,auto,"{'alpha': 0.001, 'fit_intercept': False, 'solver': 'auto'}",-1.7773940260524714,-2.1327023673401553,-1.9445233704405835,-1.769669299738156,-2.190074096417268,-2.9188652601543943,-1.9918737939247302,-1.705298147722966,-2.18529565109894,-1.831833972312973,-2.0447529985202637,0.33663570126651693,14
22,1.776535940170288,0.09987788594384277,0.00905160903930664,0.023117457700853904,0.001,False,svd,"{'alpha': 0.001, 'fit_intercept': False, 'solver': 'svd'}",-1.777394026047457,-2.132702367341234,-1.9445233704366771,-1.7696692997418593,-2.190074096415938,-2.918865260137532,-1.9918737939313351,-1.705298147725703,-2.185295651096531,-1.8318339723128525,-2.044752998518712,0.3366357012618484,13
23,0.34752163887023924,0.14444663368371147,0.009553194046020508,0.024408721614840832,0.001,False,cholesky,"{'alpha': 0.001, 'fit_intercept': False, 'solver': 'cholesky'}",-1.7773940260524714,-2.1327023673401553,-1.9445233704405835,-1.769669299738156,-2.190074096417268,-2.9188652601543943,-1.9918737939247302,-1.705298147722966,-2.18529565109894,-1.831833972312973,-2.0447529985202637,0.33663570126651693,14
24,0.10570120811462402,0.034943471468019724,0.008197164535522461,0.02082348427489643,0.001,False,lsqr,"{'alpha': 0.001, 'fit_intercept': False, 'solver': 'lsqr'}",-4.4913025941677045,-5.148353207745235,-4.753881251603401,-4.797833863458767,-4.99700286834477,-5.377372624703919,-4.76839262611302,-4.596393055177129,-4.791503851013482,-4.941848857703211,-4.866388480003065,0.24688433506016483,92
25,0.1548226833343506,0.03555004043814689,0.0018847227096557618,0.002001916519854973,0.001,False,sparse_cg,"{'alpha': 0.001, 'fit_intercept': False, 'solver': 'sparse_cg'}",-4.491302594167704,-5.148353207745235,-4.753881251603401,-4.7978338634587665,-4.997002868344769,-5.37737262470392,-4.76839262611302,-4.596393055177129,-4.791503851013482,-4.941848857703211,-4.866388480003064,0.2468843350601651,91
26,2.1830202102661134,0.30842116794044505,0.039111089706420896,0.044841484021018424,0.001,False,sag,"{'alpha': 0.001, 'fit_intercept': False, 'solver': 'sag'}",-1.9734725517564993,-2.3977583284434267,-2.2714694236619914,-2.06822117767573,-2.091333793556057,-2.6800962494424954,-2.320973554069431,-1.9365220689773655,-1.9262444079599272,-1.971396314223997,-2.1637487869766927,0.2352260225287578,56
27,2.309197282791138,0.12322204528958401,0.02837677001953125,0.0383266410611952,0.001,False,saga,"{'alpha': 0.001, 'fit_intercept': False, 'solver': 'saga'}",-1.931699463847424,-2.43277472610753,-2.139839188037029,-1.9885177315085703,-2.1042062542270026,-2.812021174078772,-2.346536545243199,-1.9089728169194895,-1.9265573137536187,-2.0224087028183146,-2.161353391654095,0.27491879378463424,55
28,0.5222172021865845,0.06010783716086011,0.019239521026611327,0.03484344606916882,0.01,True,auto,"{'alpha': 0.01, 'fit_intercept': True, 'solver': 'auto'}",-1.7931019350786404,-2.162564084087902,-1.947122058064005,-1.7572748348916354,-2.1144322992280165,-2.4264730607641125,-2.0413994542811946,-1.714541112937335,-2.0834515690014994,-1.8396031735494849,-1.9879963581883824,0.20985009388669817,2
29,2.170598101615906,0.161213365307358,0.011938381195068359,0.02577586439387782,0.01,True,svd,"{'alpha': 0.01, 'fit_intercept': True, 'solver': 'svd'}",-1.7931019350786495,-2.162564084087959,-1.9471220580640034,-1.757274834891621,-2.114432299228,-2.4264730607640184,-2.0413994542811724,-1.714541112937353,-2.0834515690013653,-1.8396031735494363,-1.9879963581883575,0.20985009388667744,1
30,0.49193577766418456,0.10117554754419157,0.010040616989135743,0.02622597247768614,0.01,True,cholesky,"{'alpha': 0.01, 'fit_intercept': True, 'solver': 'cholesky'}",-1.7931019350786404,-2.162564084087902,-1.947122058064005,-1.7572748348916354,-2.1144322992280165,-2.4264730607641125,-2.0413994542811946,-1.714541112937335,-2.0834515690014994,-1.8396031735494849,-1.9879963581883824,0.20985009388669817,2
31,0.2902557849884033,0.02927289688355467,0.00948493480682373,0.024245978289587338,0.01,True,lsqr,"{'alpha': 0.01, 'fit_intercept': True, 'solver': 'lsqr'}",-2.1959156074495962,-2.7403272849624543,-2.4277375973391035,-2.405609406767509,-2.513601647585982,-3.083756582792114,-2.48587538338905,-2.2829013226507247,-2.2253291105592408,-2.439476903843631,-2.4800530847339406,0.2505538669186504,79
32,0.35776190757751464,0.07590153955499405,0.016955041885375978,0.03137953546164071,0.01,True,sparse_cg,"{'alpha': 0.01, 'fit_intercept': True, 'solver': 'sparse_cg'}",-2.04856071539671,-2.518504884793823,-2.1646041119254398,-2.0701141977839663,-2.1729915174590317,-3.1918455407534156,-2.4423084103274415,-1.9939960479864747,-1.9933206560032963,-2.0850018444967415,-2.268124792692634,0.35180555582319784,64
33,2.0200173377990724,0.47849793207106506,0.019949460029602052,0.03701357643891221,0.01,True,sag,"{'alpha': 0.01, 'fit_intercept': True, 'solver': 'sag'}",-1.905260362692131,-2.3946237369123513,-2.0852269463815634,-1.9780352948648772,-2.0842903057721855,-2.630609351164291,-2.319247515316584,-1.8591180453701797,-1.9279758208322348,-2.008171577283788,-2.1192558956590184,0.23707042296288042,34
34,2.3979286193847655,0.23813658034617735,0.029003000259399413,0.03998321586384155,0.01,True,saga,"{'alpha': 0.01, 'fit_intercept': True, 'solver': 'saga'}",-1.9375152158153608,-2.420314398260755,-2.1133987014216866,-1.9706400134360167,-2.0935453265747683,-2.705823891212219,-2.3289396454166646,-1.8993225629363797,-1.9165473197165153,-1.9975470712647818,-2.1383594146055147,0.25201234825532104,43
35,0.47190122604370116,0.06375311322520547,0.010276198387145996,0.02614306222391815,0.01,False,auto,"{'alpha': 0.01, 'fit_intercept': False, 'solver': 'auto'}",-1.7807227220410455,-2.1750278283273503,-1.941555156273353,-1.7579991607450756,-2.126994038051124,-2.4194158312532688,-2.0336972325890317,-1.7121351514564231,-2.0948807516358268,-1.845927201727152,-1.988835507409965,0.2117145711198568,5
36,2.2507583141326903,0.17310837534754037,0.00194244384765625,0.001300273019675816,0.01,False,svd,"{'alpha': 0.01, 'fit_intercept': False, 'solver': 'svd'}",-1.7807227220383797,-2.175027828327165,-1.9415551562716933,-1.7579991607468015,-2.1269940380475,-2.419415831256167,-2.0336972325890645,-1.7121351514561187,-2.094880751635362,-1.8459272017263781,-1.988835507409463,0.2117145711203738,4
37,0.5467699050903321,0.09100883017707292,0.002247309684753418,0.001977420498276346,0.01,False,cholesky,"{'alpha': 0.01, 'fit_intercept': False, 'solver': 'cholesky'}",-1.7807227220410455,-2.1750278283273503,-1.941555156273353,-1.7579991607450756,-2.126994038051124,-2.4194158312532688,-2.0336972325890317,-1.7121351514564231,-2.0948807516358268,-1.845927201727152,-1.988835507409965,0.2117145711198568,5
38,0.2611948251724243,0.06335085542101583,0.01026613712310791,0.026198397949522872,0.01,False,lsqr,"{'alpha': 0.01, 'fit_intercept': False, 'solver': 'lsqr'}",-4.49130259277642,-5.1483532760669615,-4.753881278599241,-4.797833868054734,-4.997002889979897,-5.377372616686969,-4.768392568457503,-4.596393037615478,-4.7915038153997935,-4.941848855675714,-4.866388479931271,0.24688434642932877,89
39,0.1830531597137451,0.03375127500986314,0.009386944770812988,0.024401173685175397,0.01,False,sparse_cg,"{'alpha': 0.01, 'fit_intercept': False, 'solver': 'sparse_cg'}",-4.491302592776419,-5.1483532760669615,-4.753881278599241,-4.797833868054734,-4.997002889979898,-5.377372616686969,-4.768392568457502,-4.596393037615478,-4.7915038153997935,-4.941848855675714,-4.866388479931271,0.24688434642932897,89
40,2.358391261100769,0.3717144857053176,0.01026153564453125,0.026242133791816304,0.01,False,sag,"{'alpha': 0.01, 'fit_intercept': False, 'solver': 'sag'}",-1.9193563627091075,-2.4527786120466457,-2.118486546713967,-2.0078534537932278,-2.148251719115059,-2.637118698666144,-2.273987327256639,-1.8674012282987642,-1.919840263754951,-2.0447747377713945,-2.13898489501259,0.23694413992676971,44
41,2.395822024345398,0.10178199307736459,0.010370016098022461,0.02607371254092042,0.01,False,saga,"{'alpha': 0.01, 'fit_intercept': False, 'solver': 'saga'}",-1.9376934535037476,-2.4285796927509726,-2.1318881792204816,-1.9998159547131633,-2.098991442307523,-2.7544511805008067,-2.344713868739898,-1.8869179789062485,-1.925481161345901,-2.0187462853733207,-2.1527279197362064,0.26233844066990863,52
42,0.48907277584075926,0.05090678535669206,0.010113739967346191,0.026260093611557785,0.1,True,auto,"{'alpha': 0.1, 'fit_intercept': True, 'solver': 'auto'}",-1.8445477915553719,-2.26884127677315,-1.9845405689497864,-1.79894010478197,-2.0683745563640366,-2.2958763828680873,-2.1359205996620365,-1.7577336176430305,-1.9694921587470047,-1.879780471048217,-2.000404752839269,0.1794079834570946,8
43,2.217541480064392,0.12068671816598096,0.0014299631118774414,0.0007791428995165148,0.1,True,svd,"{'alpha': 0.1, 'fit_intercept': True, 'solver': 'svd'}",-1.8445477915553739,-2.268841276773192,-1.984540568949778,-1.7989401047819624,-2.0683745563640312,-2.2958763828680993,-2.135920599662029,-1.7577336176430332,-1.9694921587469743,-1.8797804710482038,-2.0004047528392674,0.17940798345710393,7
44,0.5920450448989868,0.1850641850060981,0.009683585166931153,0.024750991608475995,0.1,True,cholesky,"{'alpha': 0.1, 'fit_intercept': True, 'solver': 'cholesky'}",-1.8445477915553719,-2.26884127677315,-1.9845405689497864,-1.79894010478197,-2.0683745563640366,-2.2958763828680873,-2.1359205996620365,-1.7577336176430305,-1.9694921587470047,-1.879780471048217,-2.000404752839269,0.1794079834570946,8
45,0.3697927951812744,0.03621320099830109,0.01780383586883545,0.03278773511148021,0.1,True,lsqr,"{'alpha': 0.1, 'fit_intercept': True, 'solver': 'lsqr'}",-2.1959522753065315,-2.740333298627693,-2.427748978219509,-2.405554524336487,-2.513593361328962,-3.0836159464264727,-2.4858533549553337,-2.282897694279434,-2.225359559735494,-2.439503680918465,-2.480041267413438,0.2505144363982535,78
46,0.3056122064590454,0.04360261003807434,0.0013521909713745117,0.00021938085912304297,0.1,True,sparse_cg,"{'alpha': 0.1, 'fit_intercept': True, 'solver': 'sparse_cg'}",-2.0485505189135216,-2.518471445212772,-2.1646291037960395,-2.070124865386815,-2.1731085373282117,-3.191074989014028,-2.4418949494524806,-1.9940037533850252,-1.9933549721729549,-2.0851598453388327,-2.2680372980000683,0.351565036925878,63
47,2.1294045209884644,0.2223084759717897,0.019971179962158202,0.03652914315818094,0.1,True,sag,"{'alpha': 0.1, 'fit_intercept': True, 'solver': 'sag'}",-2.048332355390358,-2.4064168862144673,-2.1222775059457226,-1.9640819598209829,-2.082199475736362,-2.5600781208342234,-2.279891445887485,-1.8736680728109383,-1.924804565083327,-1.9784647074752646,-2.124021509519913,0.21232065434755104,35
48,2.358331227302551,0.2212327397730081,0.01047060489654541,0.024733954282539564,0.1,True,saga,"{'alpha': 0.1, 'fit_intercept': True, 'solver': 'saga'}",-1.9500408393321504,-2.425669782358755,-2.1222783354048853,-1.9737950109900944,-2.0882052180188158,-2.786888727164502,-2.3200495216040276,-1.9074680608580155,-1.9169928114101737,-2.0145891793068236,-2.1505977486448247,0.2678812195941667,51
49,0.46984736919403075,0.09678310772273507,0.027890825271606447,0.04033537927996096,0.1,False,auto,"{'alpha': 0.1, 'fit_intercept': False, 'solver': 'auto'}",-1.8401797142758325,-2.2761328317653424,-1.983687365108958,-1.7993782300528292,-2.0744220766126693,-2.3070947707873137,-2.1309865533585213,-1.755992005699351,-1.9720242792491285,-1.882493619730388,-2.0022391446640335,0.18258985075421996,11
50,2.2447594165802003,0.08965020134115387,0.002030038833618164,0.0011681467817458706,0.1,False,svd,"{'alpha': 0.1, 'fit_intercept': False, 'solver': 'svd'}",-1.8401797142736278,-2.276132831764305,-1.9836873651087312,-1.7993782300531824,-2.0744220766119823,-2.3070947707876197,-2.130986553359943,-1.7559920056988936,-1.972024279249552,-1.8824936197304942,-2.0022391446638332,0.18258985075439496,10
51,0.5081438779830932,0.11079180697373027,0.018985748291015625,0.03493007140871639,0.1,False,cholesky,"{'alpha': 0.1, 'fit_intercept': False, 'solver': 'cholesky'}",-1.8401797142758325,-2.2761328317653424,-1.983687365108958,-1.7993782300528292,-2.0744220766126693,-2.3070947707873137,-2.1309865533585213,-1.755992005699351,-1.9720242792491285,-1.882493619730388,-2.0022391446640335,0.18258985075421996,11
52,0.2780428647994995,0.053691691813994226,0.027158594131469725,0.0391429322606249,0.1,False,lsqr,"{'alpha': 0.1, 'fit_intercept': False, 'solver': 'lsqr'}",-4.491302578870879,-5.1483539592908265,-4.753881548564648,-4.797833914021628,-4.997003106338236,-5.37737253652481,-4.7683919919101365,-4.596392862006407,-4.791503459270489,-4.941848835408029,-4.866388479220609,0.24688446012106818,87
53,0.23043997287750245,0.056846798173459785,0.0013824224472045899,0.00020973225996544185,0.1,False,sparse_cg,"{'alpha': 0.1, 'fit_intercept': False, 'solver': 'sparse_cg'}",-4.4913025788708785,-5.148353959290826,-4.753881548564648,-4.797833914021628,-4.997003106338237,-5.37737253652481,-4.7683919919101365,-4.596392862006407,-4.791503459270489,-4.941848835408027,-4.866388479220609,0.2468844601210682,87
54,2.2194735527038576,0.3646429977394665,0.01079249382019043,0.02611375100667331,0.1,False,sag,"{'alpha': 0.1, 'fit_intercept': False, 'solver': 'sag'}",-1.9047208303661642,-2.396235124060049,-2.084630667687976,-2.051664911745303,-2.064303397488201,-2.7956283457885838,-2.3664617707576454,-1.9648989366074434,-1.9327601406830848,-2.009069894243998,-2.157037401942845,0.2658183059771936,53
55,2.3651846647262573,0.114484557663224,0.04574277400970459,0.04450765659770166,0.1,False,saga,"{'alpha': 0.1, 'fit_intercept': False, 'solver': 'saga'}",-1.9374773981487012,-2.444157271586019,-2.137825719287469,-1.9756136962555464,-2.1129381705256955,-2.7593883767492944,-2.3540164552469114,-1.9086916620086207,-1.9288198544340607,-2.0210752577109465,-2.1580003861953267,0.26452514773836183,54
56,0.519428038597107,0.0563148431380351,0.01015167236328125,0.02618776720287419,1,True,auto,"{'alpha': 1, 'fit_intercept': True, 'solver': 'auto'}",-1.9020529580079917,-2.3282267365413674,-2.021444859451796,-1.86483127457276,-2.055983210328,-2.4789318900299206,-2.2024566860688934,-1.8046627692588753,-1.8973684402497442,-1.9140658977705496,-2.0470024722279896,0.21060334317083043,17
57,2.2507287740707396,0.12401367766820186,0.010222268104553223,0.0260671969621088,1,True,svd,"{'alpha': 1, 'fit_intercept': True, 'solver': 'svd'}",-1.9020529580079923,-2.3282267365413793,-2.0214448594517926,-1.8648312745727558,-2.0559832103279985,-2.4789318900299175,-2.2024566860688832,-1.8046627692588781,-1.8973684402497433,-1.914065897770545,-2.0470024722279883,0.21060334317083101,16
58,0.5581249952316284,0.045911290844912155,0.02784438133239746,0.04006078227828306,1,True,cholesky,"{'alpha': 1, 'fit_intercept': True, 'solver': 'cholesky'}",-1.9020529580079917,-2.3282267365413674,-2.021444859451796,-1.86483127457276,-2.055983210328,-2.4789318900299206,-2.2024566860688934,-1.8046627692588753,-1.8973684402497442,-1.9140658977705496,-2.0470024722279896,0.21060334317083043,17
59,0.3517503261566162,0.04635893122882365,0.0013192653656005859,0.0001656383011899553,1,True,lsqr,"{'alpha': 1, 'fit_intercept': True, 'solver': 'lsqr'}",-2.196331754853624,-2.740410290286983,-2.4278768224541833,-2.405025747294803,-2.5135280156493867,-3.0822336593321453,-2.4856504795023313,-2.282878413547482,-2.225680718743029,-2.4397865447757456,-2.479940244643971,0.25012254914765203,77
60,0.34452383518218993,0.06213643437499628,0.009313750267028808,0.024498833895692226,1,True,sparse_cg,"{'alpha': 1, 'fit_intercept': True, 'solver': 'sparse_cg'}",-2.0485155278924734,-2.5182212991684505,-2.164954268152743,-2.0703121334896846,-2.174347309230562,-3.183539844016694,-2.437900482713238,-1.9941667179227156,-1.9937734535861025,-2.0868011359288525,-2.2672532172101514,0.3491912900681368,62
61,2.1166120290756227,0.14398046678508544,0.028477811813354494,0.04140549484376769,1,True,sag,"{'alpha': 1, 'fit_intercept': True, 'solver': 'sag'}",-1.9151730735680959,-2.3856919553786753,-2.102913085079078,-1.9610969697326641,-2.0777007706987796,-2.563621024717019,-2.2885121250413385,-1.8827701467470888,-1.9194889512553621,-1.972806968155141,-2.1069775070373242,0.219437055810469,31
62,2.4365391731262207,0.1362404334970496,0.00986020565032959,0.02360185143424137,1,True,saga,"{'alpha': 1, 'fit_intercept': True, 'solver': 'saga'}",-1.9413709931907734,-2.4232823849146756,-2.129394216863152,-1.980867631043282,-2.097637751180656,-2.6725562041848674,-2.3300762666767927,-1.885377125096498,-1.9245984916624266,-2.009685127763539,-2.139484619257666,0.24390317162768468,45
63,0.478508448600769,0.07080348449965283,0.010774898529052734,0.02610362419043869,1,False,auto,"{'alpha': 1, 'fit_intercept': False, 'solver': 'auto'}",-1.8873454281944282,-2.332198778518337,-2.02213363695567,-1.8658441545619535,-2.0577462536359685,-2.489196161899973,-2.205114368942443,-1.8019641088992266,-1.8980610920799805,-1.9154590750236442,-2.0475063058711624,0.21457926760378834,23
64,2.1099129915237427,0.10621242760934016,0.009337687492370605,0.022345465013878275,1,False,svd,"{'alpha': 1, 'fit_intercept': False, 'solver': 'svd'}",-1.8873454281931936,-2.33219877851809,-2.02213363695541,-1.8658441545620295,-2.0577462536359796,-2.489196161900562,-2.205114368942993,-1.8019641088990697,-1.8980610920800818,-1.9154590750235632,-2.0475063058710967,0.21457926760402196,22
65,0.4803202152252197,0.06919541361052414,0.010501217842102051,0.026201753391226004,1,False,cholesky,"{'alpha': 1, 'fit_intercept': False, 'solver': 'cholesky'}",-1.8873454281944282,-2.332198778518337,-2.02213363695567,-1.8658441545619535,-2.0577462536359685,-2.489196161899973,-2.205114368942443,-1.8019641088992266,-1.8980610920799805,-1.9154590750236442,-2.0475063058711624,0.21457926760378834,23
66,0.25174148082733155,0.06399038750287385,0.0013939380645751954,0.0002512286653524871,1,False,lsqr,"{'alpha': 1, 'fit_intercept': False, 'solver': 'lsqr'}",-4.491302440546101,-5.148360792189565,-4.753884248919461,-4.797834374413406,-4.9970052706268735,-5.377371735636918,-4.768386227216828,-4.596391106659795,-4.791499898736544,-4.941848633459993,-4.866388472840549,0.246885597048219,85
67,0.16084744930267333,0.040521078566139915,0.008801150321960449,0.022702702148488837,1,False,sparse_cg,"{'alpha': 1, 'fit_intercept': False, 'solver': 'sparse_cg'}",-4.4913024405461,-5.148360792189565,-4.75388424891946,-4.797834374413406,-4.997005270626874,-5.377371735636918,-4.768386227216828,-4.596391106659795,-4.791499898736544,-4.941848633459993,-4.866388472840549,0.24688559704821922,85
68,2.176279616355896,0.3080711139699241,0.01008307933807373,0.02623515289923773,1,False,sag,"{'alpha': 1, 'fit_intercept': False, 'solver': 'sag'}",-1.9449359068734022,-2.439395130877573,-2.111583973531534,-1.925846455031134,-2.1502364689835973,-2.691109117168298,-2.318832045752846,-1.8727429036936658,-1.928709971349292,-2.0448340583238305,-2.142822603158517,0.25203379107124274,46
69,2.1743396520614624,0.1832998091337763,0.01944575309753418,0.03466643750466828,1,False,saga,"{'alpha': 1, 'fit_intercept': False, 'solver': 'saga'}",-1.9577118516968373,-2.4395325522214626,-2.1347281767892516,-2.0011308436174686,-2.0970343603994213,-2.802606600321351,-2.3608226744314593,-1.9185842214154478,-1.9317574493949428,-2.0199538845437606,-2.16638626148314,0.2705098868543435,57
70,0.5294196367263794,0.06369058327744333,0.01027066707611084,0.026197661635194137,10,True,auto,"{'alpha': 10, 'fit_intercept': True, 'solver': 'auto'}",-1.9420873673200545,-2.4042618743392623,-2.0968422409111787,-1.9561142101245395,-2.0918614988722415,-2.756283477419584,-2.2729643182276535,-1.8841015894212103,-1.9214330456256772,-1.998436245209904,-2.1324385867471305,0.2602319217720852,37
71,2.132096004486084,0.17222120079460504,0.010577511787414551,0.024086160231812405,10,True,svd,"{'alpha': 10, 'fit_intercept': True, 'solver': 'svd'}",-1.942087367320055,-2.404261874339264,-2.096842240911176,-1.956114210124538,-2.0918614988722415,-2.756283477419581,-2.2729643182276487,-1.8841015894212116,-1.921433045625678,-1.9984362452099038,-2.13243858674713,0.2602319217720843,36
72,0.5536591053009033,0.12809383328875074,0.01880030632019043,0.03497195674075607,10,True,cholesky,"{'alpha': 10, 'fit_intercept': True, 'solver': 'cholesky'}",-1.9420873673200545,-2.4042618743392623,-2.0968422409111787,-1.9561142101245395,-2.0918614988722415,-2.756283477419584,-2.2729643182276535,-1.8841015894212103,-1.9214330456256772,-1.998436245209904,-2.1324385867471305,0.2602319217720852,37
73,0.30472168922424314,0.05734690924892874,0.009440279006958008,0.024467199363327825,10,True,lsqr,"{'alpha': 10, 'fit_intercept': True, 'solver': 'lsqr'}",-2.2013128643992568,-2.7427448901542557,-2.43046068686472,-2.401609288577437,-2.5145022222100435,-3.0706638325292963,-2.485241038593073,-2.2842641536862924,-2.2304377259253227,-2.4440175863650477,-2.4805254289304743,0.24643216154243877,82
74,0.3009584903717041,0.059524317366977095,0.01750180721282959,0.032497655017398444,10,True,sparse_cg,"{'alpha': 10, 'fit_intercept': True, 'solver': 'sparse_cg'}",-2.053716632010011,-2.5226894088569938,-2.1743588093456494,-2.0788044821779184,-2.192255995435771,-3.1229054450509826,-2.4098157204305486,-2.0028315009570186,-2.004159908328373,-2.1081416779005213,-2.2669679580493787,0.3282574911552287,61
75,2.2182559967041016,0.2711314042263464,0.029027390480041503,0.04160876818882677,10,True,sag,"{'alpha': 10, 'fit_intercept': True, 'solver': 'sag'}",-1.9388625645147148,-2.4223125129813785,-2.1073113404481347,-2.038061759868498,-2.1217193573478568,-2.766528320988367,-2.275249333472197,-1.8896355770731394,-1.9245127252445733,-2.012398328403128,-2.149659182034198,0.25831128039101464,49
76,2.3636860132217405,0.1738960559511383,0.010763216018676757,0.02444881336604821,10,True,saga,"{'alpha': 10, 'fit_intercept': True, 'solver': 'saga'}",-1.9798075646914635,-2.4550941218488105,-2.1465930413910663,-2.0004782679014688,-2.138841642010616,-2.8812995919392184,-2.341029122216112,-1.9435745548933887,-1.9436253451071155,-2.0396204894963375,-2.1869963741495595,0.2827596600514836,59
77,0.4873579740524292,0.05139162961888907,0.010125970840454102,0.026113715111017354,10,False,auto,"{'alpha': 10, 'fit_intercept': False, 'solver': 'auto'}",-1.9300765931634674,-2.4079881230775557,-2.100011889888125,-1.9573269064161334,-2.093701010521321,-2.7643780575649775,-2.2791452163736303,-1.8811825564331588,-1.922760322445492,-2.001631169340387,-2.133820184522425,0.2636570697054289,39
78,2.127017450332642,0.1767923894623133,0.010177135467529297,0.02380553478981714,10,False,svd,"{'alpha': 10, 'fit_intercept': False, 'solver': 'svd'}",-1.9300765931632662,-2.407988123077559,-2.100011889888112,-1.9573269064161383,-2.093701010521361,-2.7643780575653207,-2.2791452163737973,-1.8811825564331184,-1.9227603224455485,-2.001631169340403,-2.1338201845224622,0.2636570697055339,41
79,0.5612200260162353,0.19803567215730422,0.018468785285949706,0.03414992201642135,10,False,cholesky,"{'alpha': 10, 'fit_intercept': False, 'solver': 'cholesky'}",-1.9300765931634674,-2.4079881230775557,-2.100011889888125,-1.9573269064161334,-2.093701010521321,-2.7643780575649775,-2.2791452163736303,-1.8811825564331588,-1.922760322445492,-2.001631169340387,-2.133820184522425,0.2636570697054289,39
80,0.2514114141464233,0.07394942673452441,0.010061168670654297,0.026184971872967,10,False,lsqr,"{'alpha': 10, 'fit_intercept': False, 'solver': 'lsqr'}",-4.49130113034831,-5.148429187175122,-4.753911322529591,-4.797839050602718,-4.997026984026111,-5.377363800116446,-4.76832865830599,-4.596373627590669,-4.791464369294094,-4.941846686849611,-4.866388481683866,0.24689696729536717,95
81,0.1743647813796997,0.03835758956449416,0.0012230157852172851,0.0002527411484088914,10,False,sparse_cg,"{'alpha': 10, 'fit_intercept': False, 'solver': 'sparse_cg'}",-4.49130113034831,-5.148429187175121,-4.753911322529591,-4.797839050602718,-4.997026984026111,-5.377363800116447,-4.7683286583059905,-4.596373627590669,-4.791464369294094,-4.941846686849612,-4.866388481683866,0.24689696729536723,95
82,2.015180230140686,0.2981826709497273,0.0018858909606933594,0.0009332859024253218,10,False,sag,"{'alpha': 10, 'fit_intercept': False, 'solver': 'sag'}",-1.9474314236130108,-2.4279666338370727,-2.1943048494747615,-1.9941861359793376,-2.117572448825563,-2.813759975042538,-2.274549578917251,-1.9392474683648555,-1.9375378166265118,-2.0470324655091034,-2.169358879619001,0.2642145464653409,58
83,2.207403039932251,0.19593308967582357,0.02796196937561035,0.04054895518270389,10,False,saga,"{'alpha': 10, 'fit_intercept': False, 'solver': 'saga'}",-1.9766372605549045,-2.467182297480013,-2.1632987535567234,-2.0288888087111094,-2.143343859721225,-2.9827124805612035,-2.348021394508189,-1.9486574733753446,-1.9530694275283893,-2.08905622559541,-2.210086798159251,0.30415477192424967,60
84,0.556256914138794,0.06484335114098075,0.010724306106567383,0.026140818337063675,100,True,auto,"{'alpha': 100, 'fit_intercept': True, 'solver': 'auto'}",-2.2341256909557603,-2.733557323561798,-2.4054363599202464,-2.307864266537511,-2.4642241670087994,-3.025845074565859,-2.4893629186870285,-2.2381514829128597,-2.2470809730324826,-2.4002883056158204,-2.4545936562798163,0.23892685815269724,69
85,2.3107478618621826,0.16853819716936447,0.002008652687072754,0.0015940008143094082,100,True,svd,"{'alpha': 100, 'fit_intercept': True, 'solver': 'svd'}",-2.2341256909557594,-2.733557323561798,-2.4054363599202455,-2.3078642665375106,-2.4642241670087985,-3.0258450745658583,-2.489362918687027,-2.2381514829128606,-2.247080973032484,-2.4002883056158213,-2.4545936562798163,0.2389268581526969,69
86,0.5963534832000732,0.12479646677521576,0.0014720439910888671,0.00021880944299151862,100,True,cholesky,"{'alpha': 100, 'fit_intercept': True, 'solver': 'cholesky'}",-2.2341256909557603,-2.733557323561798,-2.4054363599202464,-2.307864266537511,-2.4642241670087994,-3.025845074565859,-2.4893629186870285,-2.2381514829128597,-2.2470809730324826,-2.4002883056158204,-2.4545936562798163,0.23892685815269724,69
87,0.38247616291046144,0.05582975036552036,0.010561656951904298,0.02605676837451323,100,True,lsqr,"{'alpha': 100, 'fit_intercept': True, 'solver': 'lsqr'}",-2.3121844065087087,-2.8482986019417815,-2.5259279423356857,-2.4710912559630156,-2.8592111002790492,-3.0836253087486467,-2.568061336508193,-2.3811576058055146,-2.3580128234333464,-2.5602542375213964,-2.596782461904534,0.24012997414630916,84
88,0.43145773410797117,0.07479713206221021,0.010082721710205078,0.02408303357595562,100,True,sparse_cg,"{'alpha': 100, 'fit_intercept': True, 'solver': 'sparse_cg'}",-2.265679493922883,-2.7568942083185557,-2.4411610939734563,-2.3524579309465077,-2.5114498956944113,-3.056389286874148,-2.5241989656892176,-2.270882599756691,-2.2711896430123835,-2.4292501604478387,-2.4879553278636095,0.23765961005732159,83
89,1.0892902135848999,0.17060988806926244,0.020140695571899413,0.03769754180573871,100,True,sag,"{'alpha': 100, 'fit_intercept': True, 'solver': 'sag'}",-2.231195496113615,-2.7471384179242584,-2.432492327896698,-2.3076776395948855,-2.466479591285284,-3.033473729303636,-2.499984066042221,-2.2464125176748677,-2.2481499413383186,-2.4318894471692905,-2.4644893174343077,0.24090668272667679,75
90,1.1399361610412597,0.15744751988849143,0.0015134334564208985,0.000593093891073136,100,True,saga,"{'alpha': 100, 'fit_intercept': True, 'solver': 'saga'}",-2.2038219541424313,-2.7014956031460633,-2.3708879667024245,-2.264113880134572,-2.446812898068866,-3.01211890258589,-2.4771860226309164,-2.213284936082387,-2.2327448213753716,-2.369768688542855,-2.4292235673411775,0.242228657686768,67
91,0.45874910354614257,0.062178023497446555,0.0015119314193725586,0.0003154337315491718,100,False,auto,"{'alpha': 100, 'fit_intercept': False, 'solver': 'auto'}",-2.2246517024451307,-2.734840939818692,-2.418105674837142,-2.308733662497564,-2.4688993240454065,-3.0189197308261844,-2.487354615301531,-2.2376006998004545,-2.2493846539510933,-2.4093832837074776,-2.4557874287230677,0.23769446949379727,72
92,1.7768513441085816,0.15315747169460436,0.010500335693359375,0.02477530040980951,100,False,svd,"{'alpha': 100, 'fit_intercept': False, 'solver': 'svd'}",-2.2246517024451213,-2.7348409398186986,-2.4181056748371446,-2.3087336624975676,-2.4688993240454113,-3.01891973082621,-2.4873546153015393,-2.237600699800445,-2.2493846539511084,-2.40938328370748,-2.4557874287230725,0.2376944694938044,74
93,0.37824647426605223,0.06147335747514236,0.018866086006164552,0.0350276446119022,100,False,cholesky,"{'alpha': 100, 'fit_intercept': False, 'solver': 'cholesky'}",-2.2246517024451307,-2.734840939818692,-2.418105674837142,-2.308733662497564,-2.4688993240454065,-3.0189197308261844,-2.487354615301531,-2.2376006998004545,-2.2493846539510933,-2.4093832837074776,-2.4557874287230677,0.23769446949379727,72
94,0.23286068439483643,0.043314754832270104,0.0095320463180542,0.024400444585575533,100,False,lsqr,"{'alpha': 100, 'fit_intercept': False, 'solver': 'lsqr'}",-4.49129532087779,-5.149119725064434,-4.7541890526496315,-4.79789302725015,-4.997251157087132,-5.377291768265615,-4.767760758493431,-4.596206263996445,-4.791116651844826,-4.941834495290384,-4.866395822081984,0.24701076693299784,97
95,0.20150911808013916,0.003920622477492658,0.009750795364379884,0.02433683189540195,100,False,sparse_cg,"{'alpha': 100, 'fit_intercept': False, 'solver': 'sparse_cg'}",-4.491295320877789,-5.149119725064433,-4.7541890526496315,-4.797893027250148,-4.997251157087131,-5.377291768265616,-4.767760758493431,-4.596206263996444,-4.791116651844825,-4.941834495290384,-4.866395822081984,0.24701076693299817,97
96,1.0303092002868652,0.1286333283301982,0.0015858650207519532,0.0004941275087892397,100,False,sag,"{'alpha': 100, 'fit_intercept': False, 'solver': 'sag'}",-2.23481876269749,-2.74031000033908,-2.4221170720734957,-2.315679241618709,-2.501852771383487,-3.0439819641101127,-2.4998204067037944,-2.2506017831327627,-2.2548418886262804,-2.4617673152085944,-2.4725791205893803,0.24088885023269424,76
97,0.9668982982635498,0.07954048754197937,0.001376032829284668,0.000673122756107687,100,False,saga,"{'alpha': 100, 'fit_intercept': False, 'solver': 'saga'}",-2.213885088397989,-2.719311905263767,-2.392193775475308,-2.305098538219489,-2.451504851724886,-3.00351182123337,-2.480070155574307,-2.225060909407559,-2.210530512295916,-2.4626780628258,-2.446384562041839,0.23830069481143887,68
