,mean_fit_time,std_fit_time,mean_score_time,std_score_time,param_alpha,param_fit_intercept,param_solver,params,split0_test_score,split1_test_score,split2_test_score,split3_test_score,split4_test_score,split5_test_score,split6_test_score,split7_test_score,split8_test_score,split9_test_score,mean_test_score,std_test_score,rank_test_score
0,2.8644329071044923,0.4817570628611439,0.01902306079864502,0.035263364302844144,0.0001,True,auto,"{'alpha': 0.0001, 'fit_intercept': True, 'solver': 'auto'}",-1.967322670418379,-1.963207451724166,-1.8954690823151366,-1.9272808540816937,-1.7122847296810264,-1.9587284752532317,-3.4544443696452167,-2.1128784090845216,-2.1047693551598794,-2.0126402034870097,-2.1109025600850257,0.4603707501311081,25
1,4.717826509475708,0.48027370555003845,0.0015069246292114258,0.00024158043563275402,0.0001,True,svd,"{'alpha': 0.0001, 'fit_intercept': True, 'solver': 'svd'}",-1.967322670419169,-1.9632074517427809,-1.8954690823153668,-1.9272808540820028,-1.7122847296814399,-1.9587284752531522,-3.4544443696349347,-2.112878409085143,-2.1047693551600766,-2.012640203487158,-2.1109025600861226,0.4603707501274262,27
2,2.7678667306900024,0.2866570486889826,0.0014274120330810547,0.00021950894434771178,0.0001,True,cholesky,"{'alpha': 0.0001, 'fit_intercept': True, 'solver': 'cholesky'}",-1.967322670418379,-1.963207451724166,-1.8954690823151366,-1.9272808540816937,-1.7122847296810264,-1.9587284752532317,-3.4544443696452167,-2.1128784090845216,-2.1047693551598794,-2.0126402034870097,-2.1109025600850257,0.4603707501311081,25
3,1.923764204978943,0.7905228069225821,0.010247254371643066,0.026025124871631073,0.0001,True,lsqr,"{'alpha': 0.0001, 'fit_intercept': True, 'solver': 'lsqr'}",-2.4470215530358654,-2.222329907780222,-2.4701249708359385,-2.355388331960794,-2.2791745868344546,-2.46290328537626,-2.9513855326337173,-2.5783087622960035,-2.750522320879587,-2.3953933040061783,-2.4912552555639023,0.208488111667976,81
4,0.5902835845947265,0.11006554313725732,0.027427268028259278,0.055616019742155715,0.0001,True,sparse_cg,"{'alpha': 0.0001, 'fit_intercept': True, 'solver': 'sparse_cg'}",-2.2105729191162315,-1.9776328997472332,-2.1713098217754254,-2.1112348452657703,-2.0470642581321625,-2.206797408433377,-3.0215350767189975,-2.561236108449007,-2.4281840563824852,-2.1555662472279624,-2.289113364124865,0.2935538540813633,66
5,2.153093695640564,0.44805509257751697,0.20106704235076905,0.5700805563223348,0.0001,True,sag,"{'alpha': 0.0001, 'fit_intercept': True, 'solver': 'sag'}",-2.1367183122859346,-1.8932856708340733,-2.0019296007681486,-2.068617676213461,-1.9239325201022026,-2.090004282347026,-2.414140387355451,-2.4406158996195333,-2.309196369609356,-2.0395820349337237,-2.131802275406891,0.18378910523524702,31
6,2.13977530002594,0.2350977735558413,0.0013962507247924805,0.00021795451536027637,0.0001,True,saga,"{'alpha': 0.0001, 'fit_intercept': True, 'solver': 'saga'}",-2.1472941354506907,-1.9095031377102483,-2.053500944446842,-2.0924271706594406,-1.9626130658803373,-2.1196083108183164,-2.5605547381583507,-2.452425764280261,-2.3273431687732846,-2.0678439116198417,-2.169311434779762,0.20024927512625526,44
7,0.7521311998367309,0.8517861407901842,0.01074826717376709,0.0260348767174961,0.0001,False,auto,"{'alpha': 0.0001, 'fit_intercept': False, 'solver': 'auto'}",-1.9685095492599352,-1.9657119609930602,-1.8965156645036296,-1.9291209743090587,-1.7133751415134015,-1.95965152963124,-3.4584694337953326,-2.1100894164212356,-2.1055684906753336,-2.0249850236011677,-2.11319971847034,0.46092970554952967,29
8,2.2271719455718992,0.08958137983339262,0.001771688461303711,0.0009671161177230721,0.0001,False,svd,"{'alpha': 0.0001, 'fit_intercept': False, 'solver': 'svd'}",-1.9685095492515938,-1.9657119596758705,-1.896515664505305,-1.929120974305728,-1.7133751415012735,-1.9596515296245887,-3.4584694340519744,-2.1100894164327673,-2.1055684906757763,-2.024985023593285,-2.113199718361816,0.4609297056683126,28
9,0.5568426609039306,0.06598379972446053,0.01907846927642822,0.03504204892784992,0.0001,False,cholesky,"{'alpha': 0.0001, 'fit_intercept': False, 'solver': 'cholesky'}",-1.9685095492599352,-1.9657119609930602,-1.8965156645036296,-1.9291209743090587,-1.7133751415134015,-1.95965152963124,-3.4584694337953326,-2.1100894164212356,-2.1055684906753336,-2.0249850236011677,-2.11319971847034,0.46092970554952967,29
10,0.30160624980926515,0.07405334469232458,0.0014195442199707031,0.00013726931833660586,0.0001,False,lsqr,"{'alpha': 0.0001, 'fit_intercept': False, 'solver': 'lsqr'}",-5.088303531897281,-4.619987740926506,-4.961920501587404,-4.8332634451070335,-4.8714796585569,-5.035818915012245,-5.131547229104142,-4.972548776154062,-5.301462552627075,-4.836853307059972,-4.965318565803261,0.17966223003619888,93
11,0.27260589599609375,0.059427528991273154,0.02604517936706543,0.03766388748467876,0.0001,False,sparse_cg,"{'alpha': 0.0001, 'fit_intercept': False, 'solver': 'sparse_cg'}",-5.088303531897281,-4.619987740926506,-4.961920501587402,-4.833263445107035,-4.8714796585569,-5.035818915012245,-5.13154722910414,-4.972548776154063,-5.3014625526270756,-4.836853307059972,-4.965318565803261,0.17966223003619874,93
12,2.648858404159546,0.26088698379737657,0.010473322868347169,0.0264616848111131,0.0001,False,sag,"{'alpha': 0.0001, 'fit_intercept': False, 'solver': 'sag'}",-2.137039402663067,-1.9375984258416445,-2.1281648276337286,-2.08314635494541,-1.930892696355422,-2.114127733150877,-2.5886505016014456,-2.465272818362239,-2.3327491788322443,-2.046700035995124,-2.1764341975381205,0.20698190981885667,48
13,2.5218026876449584,0.14536159038266055,0.0014346122741699218,0.0002402666895004087,0.0001,False,saga,"{'alpha': 0.0001, 'fit_intercept': False, 'solver': 'saga'}",-2.1541465162896967,-1.9249179312553406,-2.1401964353992518,-2.0768274227173493,-1.9641713590443775,-2.1230770037107813,-2.697142045990871,-2.4716837568635333,-2.346498403492301,-2.1051838377861323,-2.2003844712549636,0.22571345068393228,57
14,0.49455373287200927,0.05330428639886559,0.01882176399230957,0.03496982271544105,0.001,True,auto,"{'alpha': 0.001, 'fit_intercept': True, 'solver': 'auto'}",-1.9687853202065313,-1.9383161682211787,-1.8952477241298038,-1.9259793904386642,-1.7166272613029203,-1.950127586877569,-3.29228381020666,-2.115424049667018,-2.1079252009312586,-2.004857713273367,-2.091557422525497,0.414147642205969,19
15,2.0769763708114626,0.13347870457710895,0.009404182434082031,0.024426659804837828,0.001,True,svd,"{'alpha': 0.001, 'fit_intercept': True, 'solver': 'svd'}",-1.9687853202066177,-1.9383161682225272,-1.8952477241299066,-1.925979390438766,-1.7166272613032556,-1.9501275868775552,-3.292283810205956,-2.1154240496670864,-2.1079252009313247,-2.004857713273633,-2.0915574225256632,0.41414764220566874,21
16,0.5189967155456543,0.05773367687420799,0.001542067527770996,0.0006320254788021849,0.001,True,cholesky,"{'alpha': 0.001, 'fit_intercept': True, 'solver': 'cholesky'}",-1.9687853202065313,-1.9383161682211787,-1.8952477241298038,-1.9259793904386642,-1.7166272613029203,-1.950127586877569,-3.29228381020666,-2.115424049667018,-2.1079252009312586,-2.004857713273367,-2.091557422525497,0.414147642205969,19
17,0.3528647184371948,0.04758839170754612,0.018924427032470704,0.035055719210742416,0.001,True,lsqr,"{'alpha': 0.001, 'fit_intercept': True, 'solver': 'lsqr'}",-2.4470219307769296,-2.222330323035186,-2.4701255702274665,-2.3553879888103713,-2.2791749620501207,-2.462903365298082,-2.9513835991238286,-2.578307691331825,-2.750522693169448,-2.3953929806805987,-2.4912551104503855,0.20848761684612835,80
18,0.41158533096313477,0.05146251749837166,0.009622955322265625,0.02482903811709877,0.001,True,sparse_cg,"{'alpha': 0.001, 'fit_intercept': True, 'solver': 'sparse_cg'}",-2.210573179228181,-1.977632953838384,-2.171312116108795,-2.1112340215058367,-2.0470647177011516,-2.2067981782728254,-3.0215275611599433,-2.5612300536782144,-2.428185778483635,-2.1555662222257146,-2.289112478220268,0.29355138605483405,65
19,2.330805468559265,0.2706469680666935,0.011427688598632812,0.02785605427079134,0.001,True,sag,"{'alpha': 0.001, 'fit_intercept': True, 'solver': 'sag'}",-2.131453891571004,-1.8913084570157048,-1.9970069319520614,-2.1607763303057705,-1.9177350889754297,-2.0803424255258287,-2.448646706811742,-2.486490152015784,-2.3205775689570056,-2.0433719508423813,-2.147770950397271,0.19809580673506025,35
20,2.316321039199829,0.17265722860299046,0.026765942573547363,0.037754707348298625,0.001,True,saga,"{'alpha': 0.001, 'fit_intercept': True, 'solver': 'saga'}",-2.149058879336586,-1.9090044938684154,-2.0570748950402797,-2.0894127898384705,-1.9568401647858327,-2.1089785546383384,-2.547922164155033,-2.4474864694380964,-2.340299144117898,-2.0699194582872424,-2.1675997013506194,0.19893428476043287,43
21,0.4814647436141968,0.07246350562105235,0.010608530044555664,0.026105381196915006,0.001,False,auto,"{'alpha': 0.001, 'fit_intercept': False, 'solver': 'auto'}",-1.9700639937786202,-1.9527716108992963,-1.898030184348417,-1.9245143004428695,-1.7196816687397751,-1.951988464694863,-3.2768792472902146,-2.110484961258877,-2.1094836407876327,-2.0103288122762106,-2.092422688451678,0.40858382874162424,23
22,1.716323184967041,0.14089126320054582,0.007758784294128418,0.019290450076048307,0.001,False,svd,"{'alpha': 0.001, 'fit_intercept': False, 'solver': 'svd'}",-1.970063993774931,-1.9527716107786348,-1.898030184348251,-1.9245143004406229,-1.7196816687366123,-1.951988464693243,-3.276879247301907,-2.1104849612660965,-2.1094836407885067,-2.010328812280873,-2.092422688440968,0.4085838287496348,22
23,0.3240964412689209,0.18567685978279652,0.009942221641540527,0.02634657076026614,0.001,False,cholesky,"{'alpha': 0.001, 'fit_intercept': False, 'solver': 'cholesky'}",-1.9700639937786202,-1.9527716108992963,-1.898030184348417,-1.9245143004428695,-1.7196816687397751,-1.951988464694863,-3.2768792472902146,-2.110484961258877,-2.1094836407876327,-2.0103288122762106,-2.092422688451678,0.40858382874162424,23
24,0.12005426883697509,0.03198564688060116,0.0012425899505615235,0.00036426398239238844,0.001,False,lsqr,"{'alpha': 0.001, 'fit_intercept': False, 'solver': 'lsqr'}",-5.088303529044221,-4.619987740618235,-4.9619204967806745,-4.833263448429599,-4.871479661873476,-5.035818914258182,-5.131547227249392,-4.972548777997525,-5.301462560680134,-4.836853301021722,-4.965318565795316,0.17966223123648847,91
25,0.1404524564743042,0.04900247552796689,0.006892871856689453,0.01651835389998469,0.001,False,sparse_cg,"{'alpha': 0.001, 'fit_intercept': False, 'solver': 'sparse_cg'}",-5.088303529044221,-4.619987740618235,-4.961920496780674,-4.8332634484296,-4.871479661873476,-5.035818914258182,-5.131547227249392,-4.972548777997525,-5.301462560680135,-4.836853301021723,-4.965318565795316,0.17966223123648853,91
26,2.3230626583099365,0.3754863797369835,0.019715261459350587,0.035603831890866376,0.001,False,sag,"{'alpha': 0.001, 'fit_intercept': False, 'solver': 'sag'}",-2.182528470499425,-1.912619876954408,-2.049359144632461,-2.1478418083373896,-1.9351311005416085,-2.1067574721033995,-2.5432904349883954,-2.596066936434462,-2.3787899088468873,-2.02537861103499,-2.1877763764373426,0.2286563073233818,51
27,2.4276262283325196,0.20575761480172622,0.029672932624816895,0.040709647652244094,0.001,False,saga,"{'alpha': 0.001, 'fit_intercept': False, 'solver': 'saga'}",-2.1636590841370227,-1.9221516566148353,-2.0666916758874834,-2.1030267775808684,-1.9693178282161536,-2.1290986197116415,-2.616078177182327,-2.4623037582835177,-2.3483002271653,-2.088782531680386,-2.1869410336459536,0.20940816055940933,50
28,0.48102095127105715,0.05669664726869051,0.01006004810333252,0.026110065833173268,0.01,True,auto,"{'alpha': 0.01, 'fit_intercept': True, 'solver': 'auto'}",-1.9795746341402862,-1.9040293769338235,-1.9047270073836786,-1.927953572434444,-1.7356470131361155,-1.9501042926214807,-2.6457171201210747,-2.1608825541270593,-2.1212456428445257,-2.0025042742262165,-2.03323854879687,0.2329720652062743,1
29,2.294228267669678,0.06950189759770634,0.01808309555053711,0.03236430112552611,0.01,True,svd,"{'alpha': 0.01, 'fit_intercept': True, 'solver': 'svd'}",-1.9795746341403244,-1.9040293769338432,-1.9047270073836846,-1.9279535724344712,-1.7356470131361752,-1.950104292621495,-2.6457171201212573,-2.1608825541270456,-2.1212456428445288,-2.002504274226268,-2.033238548796909,0.23297206520630934,3
30,0.5990692615509033,0.060536376584827724,0.0016562223434448242,0.0007660455511256877,0.01,True,cholesky,"{'alpha': 0.01, 'fit_intercept': True, 'solver': 'cholesky'}",-1.9795746341402862,-1.9040293769338235,-1.9047270073836786,-1.927953572434444,-1.7356470131361155,-1.9501042926214807,-2.6457171201210747,-2.1608825541270593,-2.1212456428445257,-2.0025042742262165,-2.03323854879687,0.2329720652062743,1
31,0.3812464952468872,0.060202267798283575,0.010114288330078125,0.0261262336532411,0.01,True,lsqr,"{'alpha': 0.01, 'fit_intercept': True, 'solver': 'lsqr'}",-2.4470257099908874,-2.222334477042247,-2.4701315655642664,-2.355384559335133,-2.2791787158473067,-2.4629041662869064,-2.9513642669338442,-2.57829698409285,-2.7505264176250352,-2.3953897494109184,-2.4912536612129395,0.20848266899834808,79
32,0.37235431671142577,0.041930100425539435,0.0014277935028076173,0.0005261448429155463,0.01,True,sparse_cg,"{'alpha': 0.01, 'fit_intercept': True, 'solver': 'sparse_cg'}",-2.2105757888964375,-1.9776335036999282,-2.171335063772424,-2.111225793566597,-2.047069321180397,-2.206805883323317,-3.0214524223896086,-2.5611695229296307,-2.4282030052536205,-2.1555659796065543,-2.2891036284618513,0.29352670936795583,64
33,1.914572048187256,0.5372198500987445,0.029999160766601564,0.0426320912520736,0.01,True,sag,"{'alpha': 0.01, 'fit_intercept': True, 'solver': 'sag'}",-2.1369113670270345,-1.8881904162791092,-2.0205597556298445,-2.102750065878249,-1.9031586772241478,-2.1108976978200134,-2.3974384822804473,-2.4506721531766957,-2.3101392601807853,-2.041049582906468,-2.1361767458402796,0.18368343173336377,33
34,2.243182110786438,0.13126687219919903,0.0025982379913330076,0.0024161669489094076,0.01,True,saga,"{'alpha': 0.01, 'fit_intercept': True, 'solver': 'saga'}",-2.144486569836629,-1.931076491353032,-2.0546740269722896,-2.0900123924825103,-1.9539975778903895,-2.1193169927160405,-2.5706411274940932,-2.4582462165321304,-2.337074706851426,-2.122590238127873,-2.178211634025641,0.1999364442366575,49
35,0.42238726615905764,0.06751884755432473,0.0013050317764282226,0.0002511735385661085,0.01,False,auto,"{'alpha': 0.01, 'fit_intercept': False, 'solver': 'auto'}",-1.9852407830306324,-1.9361636289989572,-1.9081809947321253,-1.9216185348657278,-1.7430686379804954,-1.9555677164920915,-2.6179339873338203,-2.156464527477307,-2.1260668868230708,-2.0125325639234126,-2.036283826165764,0.22272484794483216,5
36,2.0661266088485717,0.07783047954896738,0.002054905891418457,0.0016237412443303905,0.01,False,svd,"{'alpha': 0.01, 'fit_intercept': False, 'solver': 'svd'}",-1.9852407830282384,-1.9361636289895088,-1.908180994731759,-1.9216185348620076,-1.7430686379791462,-1.9555677164921175,-2.6179339873305794,-2.1564645274774525,-2.1260668868230423,-2.0125325639244744,-2.0362838261638325,0.22272484794485004,4
37,0.5280204296112061,0.1005771949587064,0.010383415222167968,0.026191177155279292,0.01,False,cholesky,"{'alpha': 0.01, 'fit_intercept': False, 'solver': 'cholesky'}",-1.9852407830306324,-1.9361636289989572,-1.9081809947321253,-1.9216185348657278,-1.7430686379804954,-1.9555677164920915,-2.6179339873338203,-2.156464527477307,-2.1260668868230708,-2.0125325639234126,-2.036283826165764,0.22272484794483216,5
38,0.26348798274993895,0.046428355998563355,0.010000276565551757,0.026287788506141066,0.01,False,lsqr,"{'alpha': 0.01, 'fit_intercept': False, 'solver': 'lsqr'}",-5.088303500513723,-4.619987737535617,-4.961920448713482,-4.833263481655325,-4.871479695039312,-5.035818906717633,-5.131547208701987,-4.972548796432233,-5.301462641210807,-4.836853240639332,-4.965318565715945,0.17966224323938854,89
39,0.20925941467285156,0.04535845453103297,0.0013664960861206055,0.00020574872066271964,0.01,False,sparse_cg,"{'alpha': 0.01, 'fit_intercept': False, 'solver': 'sparse_cg'}",-5.088303500513723,-4.619987737535617,-4.961920448713481,-4.833263481655325,-4.871479695039312,-5.035818906717633,-5.131547208701987,-4.972548796432234,-5.301462641210809,-4.836853240639333,-4.965318565715945,0.17966224323938879,89
40,1.9452743053436279,0.3199114784009623,0.04638795852661133,0.043924916119879885,0.01,False,sag,"{'alpha': 0.01, 'fit_intercept': False, 'solver': 'sag'}",-2.159856669890927,-1.9081227487932728,-2.033381151658124,-2.110990782962931,-1.9373177510222515,-2.0950119623670402,-2.9552503277647513,-2.479200300378751,-2.3891813940855746,-2.045049658827141,-2.211336274775076,0.3015597307663822,59
41,2.22877357006073,0.3597329938251938,0.03326749801635742,0.04736706010346106,0.01,False,saga,"{'alpha': 0.01, 'fit_intercept': False, 'solver': 'saga'}",-2.1702588234222757,-1.920808270254117,-2.066300483272057,-2.0814533816583065,-1.972920382935026,-2.1301693054434687,-2.6405087317334965,-2.5622189058759104,-2.329720940050632,-2.090058755948721,-2.196441798059401,0.22830711100466014,53
42,0.46628191471099856,0.0761040423014695,0.018718361854553223,0.03495038144973106,0.1,True,auto,"{'alpha': 0.1, 'fit_intercept': True, 'solver': 'auto'}",-2.05077568058627,-1.8901950335798876,-1.9363865566129548,-1.977341515130899,-1.7972328559769848,-1.9909520575411799,-2.24138099428486,-2.290312250377583,-2.1877162078416306,-2.0601470998310596,-2.042244025176331,0.14964866062161006,8
43,2.209491729736328,0.11348281647838351,0.001744246482849121,0.001256704214876228,0.1,True,svd,"{'alpha': 0.1, 'fit_intercept': True, 'solver': 'svd'}",-2.0507756805863018,-1.890195033579839,-1.9363865566129543,-1.9773415151309028,-1.7972328559769954,-1.9909520575411905,-2.241380994284857,-2.2903122503775677,-2.1877162078416235,-2.060147099831048,-2.0422440251763283,0.14964866062160917,7
44,0.49173572063446047,0.07851222635810891,0.023854517936706544,0.03589312340674649,0.1,True,cholesky,"{'alpha': 0.1, 'fit_intercept': True, 'solver': 'cholesky'}",-2.05077568058627,-1.8901950335798876,-1.9363865566129548,-1.977341515130899,-1.7972328559769848,-1.9909520575411799,-2.24138099428486,-2.290312250377583,-2.1877162078416306,-2.0601470998310596,-2.042244025176331,0.14964866062161006,8
45,0.4074769735336304,0.06819296717388199,0.0018271684646606445,0.0011066661297188907,0.1,True,lsqr,"{'alpha': 0.1, 'fit_intercept': True, 'solver': 'lsqr'}",-2.4470636823068035,-2.222376162731683,-2.47019166096026,-2.3553504673243997,-2.2792164177367327,-2.462912353096064,-2.951171235715569,-2.5781901518074335,-2.750563817750026,-2.3953576351713606,-2.4912393584600334,0.20843322756633906,78
46,0.47029306888580324,0.11263160779781513,0.001698923110961914,0.001036044207634154,0.1,True,sparse_cg,"{'alpha': 0.1, 'fit_intercept': True, 'solver': 'sparse_cg'}",-2.210602738681261,-1.977639895438084,-2.171564972330012,-2.1111444782597806,-2.0471161332815337,-2.2068835980172596,-3.0207027141027276,-2.5605659084968444,-2.4283758474668264,-2.155564292253951,-2.2890160578328276,0.2932802998752132,63
47,1.8787249088287354,0.290185865481414,0.02826657295227051,0.041058565348360464,0.1,True,sag,"{'alpha': 0.1, 'fit_intercept': True, 'solver': 'sag'}",-2.136162185776426,-1.8933586818016748,-1.9800972223564233,-2.0871695667907915,-1.9190393366961007,-2.088198614268529,-2.484552094638139,-2.471610968676284,-2.317014234104621,-2.0574721207016182,-2.143467502581061,0.2018465393770266,34
48,1.8962979078292848,0.16800149554046107,0.01957261562347412,0.03568520506303113,0.1,True,saga,"{'alpha': 0.1, 'fit_intercept': True, 'solver': 'saga'}",-2.164245384089315,-1.9107943920517025,-2.054340410898928,-2.0736122026746986,-1.9615377603412365,-2.1178146538298033,-2.5405684126627603,-2.4675799595392265,-2.3334467042641363,-2.074095486214097,-2.1698035366565906,0.19946305979866552,46
49,0.4481986045837402,0.11537100457628388,0.019005942344665527,0.03519380026767778,0.1,False,auto,"{'alpha': 0.1, 'fit_intercept': False, 'solver': 'auto'}",-2.054206283344705,-1.9013679689947889,-1.9363746369600257,-1.9689582930187322,-1.8010567926636787,-1.9925748254795466,-2.248054035924023,-2.289441018124859,-2.1902984184153604,-2.0662791870489396,-2.0448611459974657,0.14936532671507413,11
50,1.853427791595459,0.10113546397312838,0.010184860229492188,0.024287134893077218,0.1,False,svd,"{'alpha': 0.1, 'fit_intercept': False, 'solver': 'svd'}",-2.0542062833436296,-1.9013679689943166,-1.9363746369594945,-1.9689582930163358,-1.8010567926631051,-1.9925748254794995,-2.248054035923046,-2.2894410181261287,-2.1902984184153103,-2.066279187048604,-2.044861145996947,0.14936532671543368,10
51,0.40189404487609864,0.07454328170583781,0.018150806427001953,0.03385792741305262,0.1,False,cholesky,"{'alpha': 0.1, 'fit_intercept': False, 'solver': 'cholesky'}",-2.054206283344705,-1.9013679689947889,-1.9363746369600257,-1.9689582930187322,-1.8010567926636787,-1.9925748254795466,-2.248054035924023,-2.289441018124859,-2.1902984184153604,-2.0662791870489396,-2.0448611459974657,0.14936532671507413,11
52,0.20306696891784667,0.03772964890895377,0.0013111114501953125,0.00023209121800211793,0.1,False,lsqr,"{'alpha': 0.1, 'fit_intercept': False, 'solver': 'lsqr'}",-5.0883032152175955,-4.619987706718044,-4.9619199680506325,-4.8332638139208,-4.871480026705937,-5.0358188313208085,-5.13154702323672,-4.972548980787715,-5.30146344652531,-4.836852636824641,-4.96531856493082,0.17966236326872223,87
53,0.21057558059692383,0.04641686216039424,0.017608284950256348,0.03250889581059055,0.1,False,sparse_cg,"{'alpha': 0.1, 'fit_intercept': False, 'solver': 'sparse_cg'}",-5.0883032152175955,-4.619987706718044,-4.961919968050631,-4.833263813920801,-4.871480026705937,-5.0358188313208085,-5.1315470232367195,-4.972548980787715,-5.301463446525312,-4.836852636824642,-4.96531856493082,0.17966236326872234,87
54,1.918712568283081,0.3700663917899411,0.026767921447753907,0.03855484140687688,0.1,False,sag,"{'alpha': 0.1, 'fit_intercept': False, 'solver': 'sag'}",-2.130732187007543,-1.887922330257285,-2.0069668177792948,-2.08945505781336,-2.1641507144198657,-2.228957461621839,-2.521488183740805,-2.4951292543774817,-2.309004481762691,-2.060928804406757,-2.1894735293186924,0.19348561680980306,52
55,1.6996740579605103,0.33405611252675177,0.018989372253417968,0.0347963508500463,0.1,False,saga,"{'alpha': 0.1, 'fit_intercept': False, 'solver': 'saga'}",-2.1630484880879,-1.9179721318648792,-2.051069925286753,-2.0781193254305967,-1.9690549781325983,-2.122679435945863,-2.735619612537293,-2.4762078037253126,-2.36187379177223,-2.1053628345340223,-2.1981008327317446,0.23990761570579386,56
56,0.5063056230545044,0.06923474139773751,0.010073614120483399,0.026343247951572526,1,True,auto,"{'alpha': 1, 'fit_intercept': True, 'solver': 'auto'}",-2.088838353163509,-1.87646423886489,-1.9634246909939599,-2.0127470680904085,-1.8505762810979942,-2.0317079812110315,-2.3445201719048057,-2.3789165615065375,-2.2454977824114026,-2.0324501558814054,-2.082514328512594,0.1742108955286275,13
57,1.8998688459396362,0.1398091609233527,0.0017194747924804688,0.0009383765412195101,1,True,svd,"{'alpha': 1, 'fit_intercept': True, 'solver': 'svd'}",-2.0888383531635193,-1.876464238864882,-1.9634246909939626,-2.0127470680904094,-1.8505762810979953,-2.031707981211032,-2.344520171904815,-2.37891656150653,-2.245497782411402,-2.032450155881405,-2.0825143285125955,0.1742108955286282,15
58,0.48655664920806885,0.07877308966616635,0.0014053106307983399,0.00023849614908051832,1,True,cholesky,"{'alpha': 1, 'fit_intercept': True, 'solver': 'cholesky'}",-2.088838353163509,-1.87646423886489,-1.9634246909939599,-2.0127470680904085,-1.8505762810979942,-2.0317079812110315,-2.3445201719048057,-2.3789165615065375,-2.2454977824114026,-2.0324501558814054,-2.082514328512594,0.1742108955286275,13
59,0.3121711254119873,0.0652492706402861,0.009906578063964843,0.026144596761752615,1,True,lsqr,"{'alpha': 1, 'fit_intercept': True, 'solver': 'lsqr'}",-2.447461268657413,-2.222807459277593,-2.470806695074907,-2.355029665319249,-2.279609693912151,-2.46301177398619,-2.9492697842906046,-2.5771456639768897,-2.7509532478955783,-2.3950561852683476,-2.4911151437658923,0.20794249409824814,77
60,0.41165001392364503,0.04919174771786094,0.009418058395385741,0.024350736822707515,1,True,sparse_cg,"{'alpha': 1, 'fit_intercept': True, 'solver': 'sparse_cg'}",-2.210955801130016,-1.977791276464767,-2.173906196773121,-2.110425839957478,-2.047660383736104,-2.2077257726628434,-3.0133710041588295,-2.554696230482305,-2.430160408815853,-2.155619836006389,-2.28823127501877,0.29085148263453875,62
61,1.3597386360168457,0.22263735086379724,0.010343837738037109,0.02677422953268668,1,True,sag,"{'alpha': 1, 'fit_intercept': True, 'solver': 'sag'}",-2.1397215275528527,-1.884354194341926,-2.0139206306023696,-2.084664474115165,-1.905336839577593,-2.085332555871776,-2.4222824024229728,-2.4625905719681604,-2.3119937618799384,-2.047910157375901,-2.1358107115708655,0.19078866195930494,32
62,1.7342260837554933,0.28344573475134616,0.001330113410949707,0.0002281576723394798,1,True,saga,"{'alpha': 1, 'fit_intercept': True, 'solver': 'saga'}",-2.145455960754597,-1.9226081560319161,-2.058064520400481,-2.075434303232035,-1.9607431588080888,-2.1259747164339227,-2.566845204639574,-2.4270459896036796,-2.339862402988766,-2.0747520650779734,-2.1696786477971033,0.1976074739735038,45
63,0.43672468662261965,0.07945259307305348,0.009958553314208984,0.024796165739228614,1,False,auto,"{'alpha': 1, 'fit_intercept': False, 'solver': 'auto'}",-2.0914283003481975,-1.8779538981496033,-1.9632074141908997,-2.0069948074814925,-1.8521588964375266,-2.0308989867017275,-2.3582313062867164,-2.383468957504851,-2.245675987122083,-2.0368212658199316,-2.084683982004303,0.1768744143235843,16
64,2.0505662679672243,0.10728774637438801,0.02942681312561035,0.04140750832208346,1,False,svd,"{'alpha': 1, 'fit_intercept': False, 'solver': 'svd'}",-2.091428300348061,-1.877953898149504,-1.96320741419086,-2.0069948074810227,-1.8521588964375928,-2.0308989867018217,-2.3582313062881672,-2.3834689575047303,-2.24567598712209,-2.0368212658197633,-2.0846839820043614,0.1768744143238164,18
65,0.42972688674926757,0.08536698404066519,0.0014033794403076171,0.00028333746195121327,1,False,cholesky,"{'alpha': 1, 'fit_intercept': False, 'solver': 'cholesky'}",-2.0914283003481975,-1.8779538981496033,-1.9632074141908997,-2.0069948074814925,-1.8521588964375266,-2.0308989867017275,-2.3582313062867164,-2.383468957504851,-2.245675987122083,-2.0368212658199316,-2.084683982004303,0.1768744143235843,16
66,0.28038935661315917,0.05638895557136222,0.010230255126953126,0.026245695627699257,1,False,lsqr,"{'alpha': 1, 'fit_intercept': False, 'solver': 'lsqr'}",-5.0883003631426,-4.619987399403188,-4.9619151623299285,-4.833267137397335,-4.871483344197749,-5.035818078218397,-5.131545169462513,-4.972550825182363,-5.3014715004480015,-4.836846599598502,-4.965318557938057,0.17966356359552388,85
67,0.20884816646575927,0.04706368150877431,0.0011330604553222655,0.00011496608161192814,1,False,sparse_cg,"{'alpha': 1, 'fit_intercept': False, 'solver': 'sparse_cg'}",-5.0883003631426,-4.619987399403189,-4.961915162329927,-4.833267137397335,-4.871483344197749,-5.035818078218397,-5.131545169462513,-4.972550825182363,-5.301471500448003,-4.836846599598503,-4.965318557938057,0.179663563595524,85
68,2.1115318536758423,0.36035975723723207,0.009989476203918457,0.026169167392766497,1,False,sag,"{'alpha': 1, 'fit_intercept': False, 'solver': 'sag'}",-2.1706405668276734,-1.9335695504881574,-2.0854609710812606,-2.1292279002759433,-1.9510261786439433,-2.1106246118555156,-2.532341392341388,-2.4636792502234313,-2.3162609930146436,-2.0369763466705977,-2.1729807761422557,0.19305995370339432,47
69,2.0908987522125244,0.32856608937762927,0.027645230293273926,0.0383452600946231,1,False,saga,"{'alpha': 1, 'fit_intercept': False, 'solver': 'saga'}",-2.1630761624808748,-1.923967005569901,-2.0723159154539026,-2.0913318100729144,-1.9633504375962878,-2.1452742708091628,-2.6839779460548856,-2.479637677054912,-2.3481438536178025,-2.0965757943018204,-2.1967650873012463,0.22575161335956098,54
70,0.5399926662445068,0.10000291257278039,0.018833398818969727,0.034905511958729936,10,True,auto,"{'alpha': 10, 'fit_intercept': True, 'solver': 'auto'}",-2.1331276781277575,-1.896008562828964,-2.0528812209347476,-2.0518171959829394,-1.9366731346043966,-2.1069929594846335,-2.622216104618885,-2.4005305952524076,-2.3364294485379147,-2.0571613257531687,-2.1593838226125817,0.21435349979777021,36
71,2.0486859321594237,0.17202451268094238,0.010272836685180664,0.026240337335213863,10,True,svd,"{'alpha': 10, 'fit_intercept': True, 'solver': 'svd'}",-2.1331276781277606,-1.896008562828962,-2.052881220934749,-2.0518171959829394,-1.936673134604396,-2.1069929594846326,-2.622216104618889,-2.4005305952524054,-2.336429448537917,-2.0571613257531687,-2.1593838226125817,0.21435349979777124,36
72,0.4783779621124268,0.08627382646290378,0.001384425163269043,0.0002879574364039848,10,True,cholesky,"{'alpha': 10, 'fit_intercept': True, 'solver': 'cholesky'}",-2.1331276781277575,-1.896008562828964,-2.0528812209347476,-2.0518171959829394,-1.9366731346043966,-2.1069929594846335,-2.622216104618885,-2.4005305952524076,-2.3364294485379147,-2.0571613257531687,-2.1593838226125817,0.21435349979777021,36
73,0.35904366970062257,0.0477848829303878,0.0012347936630249024,0.0001829102665914543,10,True,lsqr,"{'alpha': 10, 'fit_intercept': True, 'solver': 'lsqr'}",-2.4530786227493127,-2.228449583581267,-2.4782499460800826,-2.3536866381316988,-2.2850417656874615,-2.465630184640382,-2.9329460396808464,-2.5689190876126795,-2.756270139485868,-2.393866782605478,-2.4916138790255076,0.20338085544194048,82
74,0.39113712310791016,0.07500181479611016,0.018783950805664064,0.03400540855540657,10,True,sparse_cg,"{'alpha': 10, 'fit_intercept': True, 'solver': 'sparse_cg'}",-2.221343665122483,-1.9864655745565596,-2.200633106063396,-2.111062594976069,-2.059339974009054,-2.221455957744307,-2.9543373886931654,-2.5101781846274003,-2.452498493341292,-2.1621541712160326,-2.287946911034976,0.2696822154406367,61
75,1.683115005493164,0.48449836857651796,0.010740184783935547,0.027036654027300013,10,True,sag,"{'alpha': 10, 'fit_intercept': True, 'solver': 'sag'}",-2.1418266989050028,-1.922499349726601,-2.052247786739632,-2.1103766138429547,-1.9457484609395288,-2.10586417354831,-2.580760347615747,-2.3940078424222926,-2.334007875613393,-2.0776389973976026,-2.1664978146751066,0.1969982379045718,42
76,1.7005529165267945,0.3477674273565521,0.010558152198791504,0.026796391548678845,10,True,saga,"{'alpha': 10, 'fit_intercept': True, 'solver': 'saga'}",-2.1951132909937447,-1.9367610285656138,-2.1280166103372573,-2.085692452218467,-1.9882567124686739,-2.1344741785405543,-2.6877378830348366,-2.445050904361926,-2.3814382441769926,-2.1132891527526243,-2.2095830457450694,0.21775072010562646,58
77,0.4382143497467041,0.06371107431699505,0.001588749885559082,0.0002666801503139088,10,False,auto,"{'alpha': 10, 'fit_intercept': False, 'solver': 'auto'}",-2.136800970110389,-1.8969395931528432,-2.0546462588026846,-2.0544092654738186,-1.9376057104035445,-2.1061843016326236,-2.6367566407390597,-2.4130213484956733,-2.335357580395342,-2.060970578698456,-2.1632692247904437,0.2181994643297333,40
78,1.8724489212036133,0.0876663720157951,0.017953205108642577,0.03275627517164826,10,False,svd,"{'alpha': 10, 'fit_intercept': False, 'solver': 'svd'}",-2.13680097011037,-1.89693959315276,-2.0546462588026717,-2.0544092654738013,-1.9376057104035693,-2.1061843016326613,-2.6367566407393404,-2.4130213484955165,-2.3353575803952884,-2.060970578698394,-2.1632692247904375,0.21819946432978327,39
79,0.4690222263336182,0.04505795825830061,0.0014740705490112304,0.00024126629194291994,10,False,cholesky,"{'alpha': 10, 'fit_intercept': False, 'solver': 'cholesky'}",-2.136800970110389,-1.8969395931528432,-2.0546462588026846,-2.0544092654738186,-1.9376057104035445,-2.1061843016326236,-2.6367566407390597,-2.4130213484956733,-2.335357580395342,-2.060970578698456,-2.1632692247904437,0.2181994643297333,40
80,0.2728563785552979,0.07514343971763011,0.010170865058898925,0.026281347395002267,10,False,lsqr,"{'alpha': 10, 'fit_intercept': False, 'solver': 'lsqr'}",-5.088271931003919,-4.619984412326407,-4.961867195886438,-4.8333004543244575,-4.871516601656458,-5.035810633761085,-5.131526719551101,-4.972569353096623,-5.3015521174261515,-4.836786319397454,-4.96531857384301,0.17967557020890385,95
81,0.24756355285644532,0.045581148088233846,0.0012769222259521485,0.00013634698911411735,10,False,sparse_cg,"{'alpha': 10, 'fit_intercept': False, 'solver': 'sparse_cg'}",-5.088271931003919,-4.619984412326407,-4.961867195886437,-4.833300454324458,-4.871516601656458,-5.035810633761085,-5.131526719551101,-4.972569353096624,-5.301552117426153,-4.836786319397454,-4.96531857384301,0.17967557020890412,95
82,1.4585522651672362,0.29466414539894037,0.010366868972778321,0.026135672202152273,10,False,sag,"{'alpha': 10, 'fit_intercept': False, 'solver': 'sag'}",-2.1546574031001517,-1.9663013880161861,-2.1355864962457054,-2.0691202663421135,-1.9462226704651966,-2.115791751651875,-2.708242762368351,-2.459174487193654,-2.3402306370289554,-2.0824556702532844,-2.197778353266547,0.22546787415232727,55
83,1.7192708253860474,0.21478950145984224,0.01022355556488037,0.02619022932079001,10,False,saga,"{'alpha': 10, 'fit_intercept': False, 'solver': 'saga'}",-2.191183436616412,-1.961269980645574,-2.123892198303408,-2.0907372788073566,-2.0226295755581725,-2.167845390002364,-2.724299186792902,-2.4530567347726184,-2.397737619395138,-2.1186333385713856,-2.225128473946533,0.22036976336056213,60
84,0.49051527976989745,0.11075766642062324,0.010254287719726562,0.02670963404959673,100,True,auto,"{'alpha': 100, 'fit_intercept': True, 'solver': 'auto'}",-2.476287810933992,-2.227591441701272,-2.4864484792427732,-2.3166884750420746,-2.3075907321401683,-2.462505266323432,-2.858033736592463,-2.5237368237590267,-2.7373097851899364,-2.3666663445677067,-2.4762858895492847,0.18552747280859314,71
85,1.8918219804763794,0.0805127245957143,0.018182849884033202,0.033377501000294164,100,True,svd,"{'alpha': 100, 'fit_intercept': True, 'solver': 'svd'}",-2.4762878109339916,-2.2275914417012705,-2.486448479242773,-2.3166884750420738,-2.307590732140166,-2.4625052663234324,-2.858033736592464,-2.5237368237590263,-2.737309785189937,-2.3666663445677063,-2.476285889549284,0.1855274728085939,70
86,0.528049373626709,0.060292432656699355,0.001809072494506836,0.0007256519153679955,100,True,cholesky,"{'alpha': 100, 'fit_intercept': True, 'solver': 'cholesky'}",-2.476287810933992,-2.227591441701272,-2.4864484792427732,-2.3166884750420746,-2.3075907321401683,-2.462505266323432,-2.858033736592463,-2.5237368237590267,-2.7373097851899364,-2.3666663445677067,-2.4762858895492847,0.18552747280859314,71
87,0.36858067512512205,0.06188458777900716,0.009894919395446778,0.025374116303380476,100,True,lsqr,"{'alpha': 100, 'fit_intercept': True, 'solver': 'lsqr'}",-2.5883676040998105,-2.349634372282079,-2.6140711019872653,-2.4382597898933724,-2.4137198628294336,-2.575206809894503,-2.9198322204884803,-2.607936467396245,-2.879961930057363,-2.4776320526553626,-2.586462221158391,0.1784283224350316,84
88,0.35258424282073975,0.04544715202749223,0.009408068656921387,0.024435280055363877,100,True,sparse_cg,"{'alpha': 100, 'fit_intercept': True, 'solver': 'sparse_cg'}",-2.4922459451725247,-2.2737014461840546,-2.528265993230455,-2.3421517451040477,-2.3536671626850842,-2.5160597477752447,-2.9071802474889443,-2.537978983480297,-2.7601367291753096,-2.3968435818950353,-2.5108231582190994,0.1852124530378474,83
89,0.9989925861358643,0.20539033391144054,0.01845889091491699,0.03368906657388542,100,True,sag,"{'alpha': 100, 'fit_intercept': True, 'solver': 'sag'}",-2.476190686986829,-2.223322668240926,-2.484954236829063,-2.3019886524125255,-2.3097896234257385,-2.468556273579981,-2.8508345623425844,-2.531136499944386,-2.726020600098628,-2.370341594564552,-2.474313539842522,0.18413957655096083,69
90,1.0421006202697753,0.1403258208676715,0.018883943557739258,0.03461520076869077,100,True,saga,"{'alpha': 100, 'fit_intercept': True, 'solver': 'saga'}",-2.4511010075076096,-2.18483929118802,-2.4532365181910007,-2.291955492169913,-2.2845851458704276,-2.44523914672598,-2.8504161781426673,-2.513882474245905,-2.70701925479602,-2.342827548426141,-2.4525102057263686,0.1909399386010134,67
91,0.40228517055511476,0.07187794887162419,0.027254700660705566,0.03947934839635675,100,False,auto,"{'alpha': 100, 'fit_intercept': False, 'solver': 'auto'}",-2.4790696581468428,-2.231132871792503,-2.49554403342751,-2.32818339751338,-2.3097797394137167,-2.4597498087207508,-2.8647759239363637,-2.533246095029899,-2.737745195035908,-2.3667284050094968,-2.4805955128026373,0.18567653860483288,74
92,1.7816600799560547,0.1574009811882124,0.009382343292236328,0.024381940998350136,100,False,svd,"{'alpha': 100, 'fit_intercept': False, 'solver': 'svd'}",-2.479069658146831,-2.231132871792473,-2.4955440334274925,-2.328183397513368,-2.3097797394137154,-2.4597498087207508,-2.864775923936337,-2.533246095029871,-2.7377451950358953,-2.366728405009474,-2.480595512802621,0.18567653860483121,73
93,0.3521378993988037,0.08389681332063444,0.010321211814880372,0.026329832421918508,100,False,cholesky,"{'alpha': 100, 'fit_intercept': False, 'solver': 'cholesky'}",-2.4790696581468428,-2.231132871792503,-2.49554403342751,-2.32818339751338,-2.3097797394137167,-2.4597498087207508,-2.8647759239363637,-2.533246095029899,-2.737745195035908,-2.3667284050094968,-2.4805955128026373,0.18567653860483288,74
94,0.3050212860107422,0.05994406080482045,0.022077250480651855,0.040884262303052164,100,False,lsqr,"{'alpha': 100, 'fit_intercept': False, 'solver': 'lsqr'}",-5.087996454500843,-4.619963132744504,-4.961396591324523,-4.833641824202337,-4.871857414656706,-5.035744829824529,-5.131350987313657,-4.972763013232713,-5.302366047167957,-4.8361927068057255,-4.96532730017735,0.17979596972734352,97
95,0.2517329931259155,0.04804136270483057,0.009627652168273926,0.0244153556586142,100,False,sparse_cg,"{'alpha': 100, 'fit_intercept': False, 'solver': 'sparse_cg'}",-5.087996454500844,-4.619963132744504,-4.961396591324522,-4.833641824202337,-4.871857414656706,-5.035744829824529,-5.131350987313657,-4.972763013232714,-5.302366047167959,-4.8361927068057255,-4.96532730017735,0.1797959697273439,97
96,0.8237335205078125,0.14010707882694245,0.009827280044555664,0.02424186762962563,100,False,sag,"{'alpha': 100, 'fit_intercept': False, 'solver': 'sag'}",-2.489417405579753,-2.2620357956325865,-2.4887917587650508,-2.3379567530638146,-2.3154516513528987,-2.4741022662335124,-2.8786859906414293,-2.532690669822398,-2.7432781423336605,-2.3600643197123787,-2.4882474753137482,0.18431173815253282,76
97,0.7247224807739258,0.18664001173083264,0.0012836694717407227,0.0005270688468012283,100,False,saga,"{'alpha': 100, 'fit_intercept': False, 'solver': 'saga'}",-2.4434078663619885,-2.2087697962573136,-2.472752660034669,-2.3165432347392825,-2.287580992396336,-2.43692839834504,-2.8855282457812246,-2.526222638966437,-2.7263433339557084,-2.3469749151074764,-2.4651052081945477,0.19578241410148972,68
