,mean_fit_time,std_fit_time,mean_score_time,std_score_time,param_alpha,param_fit_intercept,param_solver,params,split0_test_score,split1_test_score,split2_test_score,split3_test_score,split4_test_score,split5_test_score,split6_test_score,split7_test_score,split8_test_score,split9_test_score,mean_test_score,std_test_score,rank_test_score
0,1.0587684869766236,0.4970654435558743,0.029555511474609376,0.04068072816246536,0.0001,True,auto,"{'alpha': 0.0001, 'fit_intercept': True, 'solver': 'auto'}",-1.7057718353333435,-2.0691416595927143,-1.9331402944875797,-1.8483933012116076,-1.7740424560464427,-1.9026615288361357,-1.5849596311348118,-1.9948754362731262,-1.6046365504679723,-2.268651323117097,-1.8686274016500832,0.2018712823951429,16
1,3.2110589742660522,0.7194895176569596,0.01226184368133545,0.027042622979148848,0.0001,True,svd,"{'alpha': 0.0001, 'fit_intercept': True, 'solver': 'svd'}",-1.7057718353333,-2.0691416595989303,-1.9331402944873675,-1.848393301211893,-1.774042456046688,-1.9026615288367885,-1.5849596311348289,-1.9948754362725243,-1.604636550467692,-2.268651323118455,-1.8686274016508466,0.2018712823960194,18
2,1.4994341611862183,0.5650863791971744,0.0018103837966918946,0.0004361651674047168,0.0001,True,cholesky,"{'alpha': 0.0001, 'fit_intercept': True, 'solver': 'cholesky'}",-1.7057718353333435,-2.0691416595927143,-1.9331402944875797,-1.8483933012116076,-1.7740424560464427,-1.9026615288361357,-1.5849596311348118,-1.9948754362731262,-1.6046365504679723,-2.268651323117097,-1.8686274016500832,0.2018712823951429,16
3,1.1419034004211426,0.39432788002505564,0.026517534255981447,0.03762613308477379,0.0001,True,lsqr,"{'alpha': 0.0001, 'fit_intercept': True, 'solver': 'lsqr'}",-2.513300107906987,-2.6405692999029093,-2.5824921961065694,-2.5807468603231603,-2.6287848982714537,-2.849794052405272,-2.392265929988918,-2.5548128932935654,-2.647728597393934,-2.685058100990476,-2.6075552936583244,0.11278429781676863,82
4,0.5703433752059937,0.18640888889207266,0.0015538454055786133,0.0002781831782700192,0.0001,True,sparse_cg,"{'alpha': 0.0001, 'fit_intercept': True, 'solver': 'sparse_cg'}",-2.0583069504211347,-2.2221202282320225,-2.107560854925536,-2.212348804097918,-2.1808658492828314,-2.221800502380957,-1.7396374960385752,-2.4356082292819603,-2.010449396825702,-2.073613995308528,-2.126231230679516,0.17176568451309213,63
5,2.6792006969451903,0.5428576871653057,0.028847765922546387,0.04089174591773159,0.0001,True,sag,"{'alpha': 0.0001, 'fit_intercept': True, 'solver': 'sag'}",-1.8316733435004218,-2.141749522794645,-1.895473808857388,-2.0037743030991213,-1.9274009071423013,-2.05947913444835,-1.6629628506600327,-2.302896807722502,-1.722680104807369,-1.9830757718126923,-1.9531166554844823,0.18130856191075545,37
6,2.3180489540100098,0.2846872625240609,0.01197192668914795,0.02808379467542256,0.0001,True,saga,"{'alpha': 0.0001, 'fit_intercept': True, 'solver': 'saga'}",-1.8153988549363866,-2.1146689432157286,-1.9225764306934272,-1.980358572062515,-1.9575313752724637,-2.085561209731117,-1.6719067358563207,-2.3000932765463165,-1.7037870388736063,-1.980020209104933,-1.9531902646292814,0.18073793472953345,38
7,0.5794081211090087,0.07395770605341566,0.009723854064941407,0.024664102962694362,0.0001,False,auto,"{'alpha': 0.0001, 'fit_intercept': False, 'solver': 'auto'}",-1.7057771244890911,-2.066340535771234,-1.9301712250010532,-1.8492245640166243,-1.7748087966509791,-1.9033452150695915,-1.5856769101113979,-1.9908833264819186,-1.6050255654360848,-2.263469668698296,-1.8674722931726269,0.200040635535534,14
8,2.3312738656997682,0.1918062374819028,0.03746676445007324,0.04412328479518834,0.0001,False,svd,"{'alpha': 0.0001, 'fit_intercept': False, 'solver': 'svd'}",-1.7057771244757425,-2.066340534990301,-1.930171225096326,-1.8492245639977307,-1.774808796620656,-1.9033452150665,-1.5856769100833437,-1.990883326691849,-1.6050255654256975,-2.263469668748141,-1.8674722931196288,0.2000406354916183,13
9,0.5110162734985352,0.06895298550325751,0.0015311002731323241,0.0007332965278248569,0.0001,False,cholesky,"{'alpha': 0.0001, 'fit_intercept': False, 'solver': 'cholesky'}",-1.7057771244890911,-2.066340535771234,-1.9301712250010532,-1.8492245640166243,-1.7748087966509791,-1.9033452150695915,-1.5856769101113979,-1.9908833264819186,-1.6050255654360848,-2.263469668698296,-1.8674722931726269,0.200040635535534,14
10,0.2697917461395264,0.06092220843483075,0.0018388748168945313,0.0010275490969481836,0.0001,False,lsqr,"{'alpha': 0.0001, 'fit_intercept': False, 'solver': 'lsqr'}",-4.897203039178774,-4.605092764005345,-4.764990213266219,-4.5407085432161605,-4.527033429817902,-4.780415294132785,-4.907899271517519,-4.725444699843426,-5.11510459215395,-4.801695891170825,-4.7665587738302895,0.1720757638016647,93
11,0.3413087844848633,0.10463114005895113,0.01861584186553955,0.033767884263079424,0.0001,False,sparse_cg,"{'alpha': 0.0001, 'fit_intercept': False, 'solver': 'sparse_cg'}",-4.897203039178775,-4.605092764005345,-4.764990213266217,-4.5407085432161605,-4.527033429817901,-4.780415294132785,-4.907899271517518,-4.725444699843425,-5.11510459215395,-4.801695891170825,-4.7665587738302895,0.17207576380166484,93
12,2.5197534561157227,0.20377727500751852,0.01958591938018799,0.03475816792841925,0.0001,False,sag,"{'alpha': 0.0001, 'fit_intercept': False, 'solver': 'sag'}",-1.9218419065313486,-2.127219138540921,-2.004944049592627,-1.984307626816562,-1.973752273493765,-2.108218788335217,-2.078675321289357,-2.2701769203834536,-1.722765855723587,-1.9937270031821135,-2.018562888388895,0.13696788957999492,56
13,2.4107534885406494,0.30738532633532867,0.018390965461730958,0.0337285794657549,0.0001,False,saga,"{'alpha': 0.0001, 'fit_intercept': False, 'solver': 'saga'}",-1.8287025323500623,-2.1152106392645114,-1.9103683781824954,-1.9870830273089901,-1.9724287296162364,-2.100723056795584,-1.6915682018907383,-2.3720113174049717,-1.7023454248216427,-1.9766532717911212,-1.9657094579426357,0.1930362132388791,47
14,0.5601242780685425,0.10115915844941897,0.01852414608001709,0.03412780023367165,0.001,True,auto,"{'alpha': 0.001, 'fit_intercept': True, 'solver': 'auto'}",-1.7050558832971292,-2.062376198777022,-1.9178494470087997,-1.8511780116696592,-1.7758874703078993,-1.8987330819827293,-1.5844278037380175,-1.9905730249977613,-1.6011272142925623,-2.2078307802436083,-1.8595038916315185,0.1891960941087505,11
15,2.4218440771102907,0.16263716149638024,0.018404364585876465,0.0320821681050391,0.001,True,svd,"{'alpha': 0.001, 'fit_intercept': True, 'solver': 'svd'}",-1.7050558832970928,-2.0623761987768914,-1.91784944700859,-1.85117801166972,-1.77588747030793,-1.8987330819827315,-1.5844278037380244,-1.9905730249977343,-1.6011272142924375,-2.2078307802438015,-1.8595038916314954,0.18919609410878113,10
16,0.539228105545044,0.08751130702183126,0.010090255737304687,0.026102270314658078,0.001,True,cholesky,"{'alpha': 0.001, 'fit_intercept': True, 'solver': 'cholesky'}",-1.7050558832971292,-2.062376198777022,-1.9178494470087997,-1.8511780116696592,-1.7758874703078993,-1.8987330819827293,-1.5844278037380175,-1.9905730249977613,-1.6011272142925623,-2.2078307802436083,-1.8595038916315185,0.1891960941087505,11
17,0.3336848974227905,0.04403507149811695,0.008821320533752442,0.022581401057532473,0.001,True,lsqr,"{'alpha': 0.001, 'fit_intercept': True, 'solver': 'lsqr'}",-2.513300464680507,-2.64056905508092,-2.5824923180211123,-2.5807468096978448,-2.628784642603868,-2.849793959310755,-2.392266163776842,-2.5548123726396166,-2.647729038798315,-2.685057946525084,-2.6075552771134864,0.11278421935064548,81
18,0.5762789249420166,0.09971106573468726,0.01022031307220459,0.02627383607083171,0.001,True,sparse_cg,"{'alpha': 0.001, 'fit_intercept': True, 'solver': 'sparse_cg'}",-2.0583072271122718,-2.222119095097613,-2.107560986568164,-2.2123481416202626,-2.180865179677337,-2.2218018599467295,-1.7396384012610913,-2.4355993190321845,-2.0104513427345854,-2.0736147544407744,-2.1262306307491015,0.1717636668796691,62
19,2.5244750022888183,0.2216879793797781,0.025820612907409668,0.03702791711631879,0.001,True,sag,"{'alpha': 0.001, 'fit_intercept': True, 'solver': 'sag'}",-1.8036098485187548,-2.1396928000920648,-1.9554010347249469,-2.0196734681118182,-1.934102730943226,-2.0371859724305637,-1.6580871930933858,-2.2368416074438815,-1.7464529180085364,-1.9747531624204395,-1.9505800735787617,0.16723728009178981,36
20,2.0618588447570803,0.22984363744416852,0.0014340639114379882,0.0002737369968765236,0.001,True,saga,"{'alpha': 0.001, 'fit_intercept': True, 'solver': 'saga'}",-1.8332482178239358,-2.129842209399034,-1.9009259979556223,-1.9810678723001331,-1.9480840011833722,-2.0729509191313205,-1.6634314238354062,-2.282031537427483,-1.7044587670741718,-1.969416011916858,-1.9485456958047336,0.1781799899330596,35
21,0.49986512660980226,0.07629595120512918,0.010659146308898925,0.026644408908774966,0.001,False,auto,"{'alpha': 0.001, 'fit_intercept': False, 'solver': 'auto'}",-1.7060761301281535,-2.0617462862413793,-1.9162892340282391,-1.853070122954446,-1.7822858517335922,-1.899683692870752,-1.58669012450523,-1.9788165748276505,-1.6004710385350012,-2.2053168764876125,-1.8590445932312054,0.18725129441864055,8
22,1.9139981746673584,0.12849781036826083,0.017404460906982423,0.02900962266184148,0.001,False,svd,"{'alpha': 0.001, 'fit_intercept': False, 'solver': 'svd'}",-1.7060761301200325,-2.0617462861262106,-1.9162892340259914,-1.8530701229505415,-1.7822858517291575,-1.8996836928670822,-1.5866901245043643,-1.9788165748787772,-1.6004710385328595,-2.2053168764682227,-1.8590445932203241,0.18725129440698893,7
23,0.366757869720459,0.12762565985968033,0.0013479948043823241,0.00032293777529181786,0.001,False,cholesky,"{'alpha': 0.001, 'fit_intercept': False, 'solver': 'cholesky'}",-1.7060761301281535,-2.0617462862413793,-1.9162892340282391,-1.853070122954446,-1.7822858517335922,-1.899683692870752,-1.58669012450523,-1.9788165748276505,-1.6004710385350012,-2.2053168764876125,-1.8590445932312054,0.18725129441864055,8
24,0.20322775840759277,0.05379158703055813,0.0013243913650512694,0.0002555453135324579,0.001,False,lsqr,"{'alpha': 0.001, 'fit_intercept': False, 'solver': 'lsqr'}",-4.897203043064688,-4.605092763599113,-4.764990209546463,-4.540708543914005,-4.527033432583582,-4.780415295296788,-4.90789927268612,-4.725444693238633,-5.115104590826417,-4.801695893501864,-4.766558773825768,0.17207576370350464,91
25,0.1439582109451294,0.03898182289741783,0.008248543739318848,0.02076504387092775,0.001,False,sparse_cg,"{'alpha': 0.001, 'fit_intercept': False, 'solver': 'sparse_cg'}",-4.897203043064688,-4.605092763599113,-4.764990209546462,-4.540708543914005,-4.527033432583581,-4.780415295296788,-4.9078992726861195,-4.725444693238632,-5.115104590826417,-4.801695893501864,-4.766558773825768,0.17207576370350472,91
26,2.479791498184204,0.4864146860552746,0.0184967041015625,0.03276414055602066,0.001,False,sag,"{'alpha': 0.001, 'fit_intercept': False, 'solver': 'sag'}",-1.8780077787483997,-2.1658556910637334,-2.015067385159318,-2.194651763567981,-2.1075832858601324,-2.2198522617262295,-1.681193747690321,-2.3624040396243178,-1.8668674888429317,-2.026039047460884,-2.0517522489744247,0.19105213609659258,59
27,2.245307207107544,0.2298374787677162,0.011090970039367676,0.026972232084130642,0.001,False,saga,"{'alpha': 0.001, 'fit_intercept': False, 'solver': 'saga'}",-1.8247241958590688,-2.1187336531112875,-1.929576845122044,-1.983213361429302,-1.9775050759674004,-2.12625406629617,-1.677393373423864,-2.3734977913601147,-1.7280531115285849,-1.962627473478609,-1.9701578947576444,0.19404343581684386,49
28,0.5501614570617676,0.05105619653167472,0.01011984348297119,0.02612596074967914,0.01,True,auto,"{'alpha': 0.01, 'fit_intercept': True, 'solver': 'auto'}",-1.7060556191546685,-2.0834470759444703,-1.8797067236843437,-1.8718499151040275,-1.8006825157689037,-1.9066114362843147,-1.582111481101238,-2.0235316324518338,-1.6072172380475889,-2.086994501038248,-1.8548208138579636,0.17290732946158943,2
29,2.8488136529922485,0.25034200450681626,0.010510444641113281,0.026893246493865475,0.01,True,svd,"{'alpha': 0.01, 'fit_intercept': True, 'solver': 'svd'}",-1.7060556191546437,-2.083447075944456,-1.8797067236842364,-1.8718499151040409,-1.800682515768914,-1.906611436284259,-1.5821114811012278,-2.0235316324518866,-1.6072172380475689,-2.086994501038274,-1.8548208138579505,0.17290732946159945,1
30,0.681952714920044,0.14291740640556327,0.01062788963317871,0.026190759897561866,0.01,True,cholesky,"{'alpha': 0.01, 'fit_intercept': True, 'solver': 'cholesky'}",-1.7060556191546685,-2.0834470759444703,-1.8797067236843437,-1.8718499151040275,-1.8006825157689037,-1.9066114362843147,-1.582111481101238,-2.0235316324518338,-1.6072172380475889,-2.086994501038248,-1.8548208138579636,0.17290732946158943,2
31,0.4984572887420654,0.08863524239836783,0.0015615701675415039,0.000314194568214319,0.01,True,lsqr,"{'alpha': 0.01, 'fit_intercept': True, 'solver': 'lsqr'}",-2.5133040326033336,-2.6405666071329272,-2.58249353738806,-2.5807463036767997,-2.6287820862200753,-2.8497930286196023,-2.392268501890909,-2.5548071664865164,-2.6477334530228664,-2.6850564021313903,-2.6075551119172475,0.11278343472973766,80
32,0.7872493982315063,0.11961005696137869,0.01042330265045166,0.026156254963519927,0.01,True,sparse_cg,"{'alpha': 0.01, 'fit_intercept': True, 'solver': 'sparse_cg'}",-2.058309997180883,-2.222107767602616,-2.1075623061631252,-2.212341520249362,-2.180858487316752,-2.221815437839622,-1.7396474600916993,-2.4355102358066225,-2.0104708035664474,-2.0736223496948423,-2.126224636551197,0.17174349418077564,61
33,2.5503496646881105,0.32944087583535675,0.011361813545227051,0.02588228137584801,0.01,True,sag,"{'alpha': 0.01, 'fit_intercept': True, 'solver': 'sag'}",-1.84413468680223,-2.094483466216426,-1.9152919986951606,-2.0018733986455453,-1.9671437585819362,-2.0342630784198494,-1.6722059144416546,-2.2917009252683096,-1.7439702236831562,-2.010072045176285,-1.957513949593055,0.1681648023486109,39
34,1.8995203495025634,0.2746816742273207,0.0013062715530395507,0.00025658240281997143,0.01,True,saga,"{'alpha': 0.01, 'fit_intercept': True, 'solver': 'saga'}",-1.8288659565786933,-2.1271889288962775,-1.8922305343327526,-1.9819368829570931,-1.962936490306393,-2.051501255330573,-1.669332648763768,-2.2876507665287664,-1.7032246521309982,-1.9728842233125798,-1.9477752339137897,0.1774967528179483,34
35,0.4486682653427124,0.062401287585978155,0.010086917877197265,0.026111379581619715,0.01,False,auto,"{'alpha': 0.01, 'fit_intercept': False, 'solver': 'auto'}",-1.7110453878236185,-2.0948099122251174,-1.8883263491715643,-1.8748671998569255,-1.8193110893721518,-1.9084514496900753,-1.585412526575112,-2.0073809250590524,-1.6088615850725905,-2.09042916504726,-1.8588895589893468,0.17193746185147754,5
36,2.188227391242981,0.18189631098911554,0.0022011518478393553,0.0013025734608897149,0.01,False,svd,"{'alpha': 0.01, 'fit_intercept': False, 'solver': 'svd'}",-1.7110453878212184,-2.0948099122097132,-1.8883263491688629,-1.874867199857336,-1.8193110893682727,-1.9084514496884641,-1.5854125265746273,-2.0073809250673738,-1.6088615850718282,-2.0904291650386337,-1.8588895589866332,0.1719374618493156,4
37,0.42300896644592284,0.05734778546406296,0.0278303861618042,0.04022263303272254,0.01,False,cholesky,"{'alpha': 0.01, 'fit_intercept': False, 'solver': 'cholesky'}",-1.7110453878236185,-2.0948099122251174,-1.8883263491715643,-1.8748671998569255,-1.8193110893721518,-1.9084514496900753,-1.585412526575112,-2.0073809250590524,-1.6088615850725905,-2.09042916504726,-1.8588895589893468,0.17193746185147754,5
38,0.21255428791046144,0.04867933493088289,0.001513528823852539,0.0011268647603226841,0.01,False,lsqr,"{'alpha': 0.01, 'fit_intercept': False, 'solver': 'lsqr'}",-4.897203081923865,-4.605092759536846,-4.764990172348962,-4.540708550892493,-4.527033460240438,-4.780415306936879,-4.907899284372173,-4.725444627190755,-5.115104577551127,-4.801695916812307,-4.766558773780584,0.17207576272190414,89
39,0.2696403503417969,0.03770195272756158,0.026748919486999513,0.03827014973344109,0.01,False,sparse_cg,"{'alpha': 0.01, 'fit_intercept': False, 'solver': 'sparse_cg'}",-4.897203081923867,-4.605092759536846,-4.764990172348961,-4.540708550892493,-4.527033460240438,-4.780415306936878,-4.907899284372173,-4.725444627190755,-5.115104577551127,-4.801695916812307,-4.766558773780584,0.17207576272190425,89
40,2.427096939086914,0.3590642372644218,0.01964740753173828,0.03530085446594819,0.01,False,sag,"{'alpha': 0.01, 'fit_intercept': False, 'solver': 'sag'}",-1.833359944182552,-2.148160520884244,-2.0049969461396584,-2.21521973584146,-2.0149375713777427,-2.113362567229701,-1.707779473740907,-2.3437908176625837,-1.7714357800433875,-1.9788443608638313,-2.0131887717966066,0.19070234502447803,55
41,2.2803064584732056,0.2655752323181529,0.010552287101745605,0.02603239736313193,0.01,False,saga,"{'alpha': 0.01, 'fit_intercept': False, 'solver': 'saga'}",-1.8518923028888599,-2.1643215570940324,-1.9158428792470419,-1.9872366711408298,-1.9928312060805229,-2.0867468800792794,-1.6680951324692541,-2.36089227647455,-1.707211885647474,-1.9502925198822763,-1.968536331100412,0.19556568349412287,48
42,0.5800795078277587,0.11480935371454706,0.028332781791687012,0.039677610357087924,0.1,True,auto,"{'alpha': 0.1, 'fit_intercept': True, 'solver': 'auto'}",-1.7457385201026978,-2.1370004527595032,-1.875000836561718,-1.9316820083574726,-1.8697855495555664,-1.9676810015068111,-1.6137730932829701,-2.1270425652215583,-1.6599573847211708,-1.9622411374122488,-1.8889902549481719,0.16758418708861197,20
43,2.2744425773620605,0.14626596906600742,0.001328444480895996,0.00018363717887760376,0.1,True,svd,"{'alpha': 0.1, 'fit_intercept': True, 'solver': 'svd'}",-1.7457385201026827,-2.137000452759501,-1.875000836561707,-1.9316820083574768,-1.8697855495555669,-1.9676810015067905,-1.613773093282964,-2.1270425652216,-1.6599573847211537,-1.9622411374122275,-1.8889902549481672,0.16758418708862052,19
44,0.5822171449661255,0.06121594414718499,0.02759559154510498,0.039940888216141356,0.1,True,cholesky,"{'alpha': 0.1, 'fit_intercept': True, 'solver': 'cholesky'}",-1.7457385201026978,-2.1370004527595032,-1.875000836561718,-1.9316820083574726,-1.8697855495555664,-1.9676810015068111,-1.6137730932829701,-2.1270425652215583,-1.6599573847211708,-1.9622411374122488,-1.8889902549481719,0.16758418708861197,20
45,0.3653635740280151,0.06473657586127632,0.01774320602416992,0.03264878573018322,0.1,True,lsqr,"{'alpha': 0.1, 'fit_intercept': True, 'solver': 'lsqr'}",-2.5133397305884504,-2.640542154836782,-2.582505753203286,-2.5807412666709664,-2.628756551581368,-2.849783747103263,-2.3922919065070114,-2.5547551435843414,-2.647777613337404,-2.685040984210448,-2.607553485162332,0.11277559255211389,79
46,0.3840916872024536,0.05857470998911851,0.01819002628326416,0.033888788511633225,0.1,True,sparse_cg,"{'alpha': 0.1, 'fit_intercept': True, 'solver': 'sparse_cg'}",-2.0583380132311597,-2.2219948771185325,-2.1075758185838116,-2.2122756466983353,-2.180791932735565,-2.2219514399656757,-1.7847838594746375,-2.4346213276428044,-2.0106655859173026,-2.073698694710181,-2.1306697196078006,0.1616415486533896,64
47,1.8602243185043335,0.29353769442700783,0.010192036628723145,0.024943135665526164,0.1,True,sag,"{'alpha': 0.1, 'fit_intercept': True, 'solver': 'sag'}",-1.8153316824603973,-2.1284308024886602,-1.8942522382083826,-1.966653699187009,-1.9454247291478206,-2.0767336882156786,-1.6611483829183986,-2.267092515440041,-1.743137388594341,-1.97741099340834,-1.947561612006907,0.1723100669534724,33
48,1.578204298019409,0.16184159701927706,0.03526589870452881,0.04143195418050559,0.1,True,saga,"{'alpha': 0.1, 'fit_intercept': True, 'solver': 'saga'}",-1.8037457426549872,-2.109582502606371,-1.908220997699203,-1.9719234271893045,-1.9504938692085656,-2.081298987312714,-1.6759159495360725,-2.279088233726681,-1.7039417340806569,-1.9713846715581949,-1.9455596115572749,0.17622389418137663,31
49,0.4225239038467407,0.09355021882862741,0.010178279876708985,0.026319594156138583,0.1,False,auto,"{'alpha': 0.1, 'fit_intercept': False, 'solver': 'auto'}",-1.7475504716748496,-2.146267845474092,-1.8774326323107042,-1.9320460165299695,-1.8803528789650386,-1.9685645333246282,-1.6144159765903654,-2.1223718685366975,-1.660706127373105,-1.965902588140817,-1.8915610938920266,0.16805120881345706,23
50,2.1609172105789183,0.18058306294882842,0.029141736030578614,0.04114071872176515,0.1,False,svd,"{'alpha': 0.1, 'fit_intercept': False, 'solver': 'svd'}",-1.7475504716740289,-2.146267845473413,-1.8774326323099182,-1.9320460165301305,-1.8803528789645176,-1.9685645333243065,-1.6144159765901382,-2.122371868540782,-1.6607061273729742,-1.9659025881390289,-1.8915610938919236,0.16805120881396102,22
51,0.4002097129821777,0.06139979041154746,0.018926048278808595,0.03386398371941984,0.1,False,cholesky,"{'alpha': 0.1, 'fit_intercept': False, 'solver': 'cholesky'}",-1.7475504716748496,-2.146267845474092,-1.8774326323107042,-1.9320460165299695,-1.8803528789650386,-1.9685645333246282,-1.6144159765903654,-2.1223718685366975,-1.660706127373105,-1.965902588140817,-1.8915610938920266,0.16805120881345706,23
52,0.2218486785888672,0.05553201326248322,0.009484505653381348,0.024394649743550385,0.1,False,lsqr,"{'alpha': 0.1, 'fit_intercept': False, 'solver': 'lsqr'}",-4.897203470520386,-4.60509271891925,-4.764989800379291,-4.540708620682329,-4.527033736813839,-4.780415423342717,-4.90789940123758,-4.725443966717485,-5.115104444803378,-4.801696149921579,-4.766558773333783,0.172075752906196,87
53,0.22823572158813477,0.04099220418448682,0.0014103889465332032,0.0002135812184135238,0.1,False,sparse_cg,"{'alpha': 0.1, 'fit_intercept': False, 'solver': 'sparse_cg'}",-4.897203470520386,-4.60509271891925,-4.76498980037929,-4.540708620682328,-4.527033736813839,-4.780415423342717,-4.907899401237579,-4.725443966717483,-5.115104444803377,-4.801696149921579,-4.766558773333783,0.1720757529061959,87
54,2.513572072982788,0.4039469457962562,0.019379448890686036,0.03520078880674975,0.1,False,sag,"{'alpha': 0.1, 'fit_intercept': False, 'solver': 'sag'}",-1.8261842866200932,-2.1333437257233583,-1.9521816007201356,-2.0663634674099884,-2.396820031695113,-2.6728613700299846,-1.6770830899514009,-2.380415884774767,-1.7263229549723589,-2.0192824923549857,-2.0850858904252187,0.3027801429310248,60
55,2.351993131637573,0.28455189967982053,0.028019070625305176,0.03991160335541962,0.1,False,saga,"{'alpha': 0.1, 'fit_intercept': False, 'solver': 'saga'}",-1.828529007480102,-2.1607896623827116,-1.9146057294378345,-1.9902128130505958,-2.00714274330373,-2.102383514649493,-1.826754976425795,-2.3360824422958975,-1.7057639739300783,-1.9817085236749556,-1.9853973386631196,0.17347024998748148,51
56,0.5486808538436889,0.06401838662800917,0.010128664970397949,0.026181270004877417,1,True,auto,"{'alpha': 1, 'fit_intercept': True, 'solver': 'auto'}",-1.784000416498125,-2.1071413826693783,-1.8822709224340959,-1.960424693151263,-1.9107403413383095,-2.009707631151025,-1.6350379143011229,-2.2062891080088436,-1.692377911310653,-1.9340248788972645,-1.912201519976008,0.1671148756175191,26
57,2.3585205078125,0.10870776334029958,0.018419933319091798,0.0331892606233677,1,True,svd,"{'alpha': 1, 'fit_intercept': True, 'solver': 'svd'}",-1.784000416498118,-2.107141382669374,-1.8822709224340979,-1.9604246931512657,-1.9107403413383095,-2.0097076311510222,-1.6350379143011222,-2.2062891080088654,-1.6923779113106425,-1.9340248788972538,-1.9122015199760072,0.16711487561752414,25
58,0.4420230627059937,0.0436530923531219,0.0013351202011108398,0.00022881473238075382,1,True,cholesky,"{'alpha': 1, 'fit_intercept': True, 'solver': 'cholesky'}",-1.784000416498125,-2.1071413826693783,-1.8822709224340959,-1.960424693151263,-1.9107403413383095,-2.009707631151025,-1.6350379143011229,-2.2062891080088436,-1.692377911310653,-1.9340248788972645,-1.912201519976008,0.1671148756175191,26
59,0.3536598443984985,0.08467592439054905,0.010575509071350098,0.02628399761999342,1,True,lsqr,"{'alpha': 1, 'fit_intercept': True, 'solver': 'lsqr'}",-2.513698580319197,-2.6403003432908494,-2.582630119653333,-2.5806932108853076,-2.6285041175755213,-2.8496934647151906,-2.392528293282723,-2.5542387677207423,-2.6482210176655467,-2.6848893998916656,-2.6075397315000073,0.11269757287241657,78
60,0.4737323999404907,0.08667697568748318,0.009500360488891602,0.024343760984396147,1,True,sparse_cg,"{'alpha': 1, 'fit_intercept': True, 'solver': 'sparse_cg'}",-2.0586493161483053,-2.2209039865571323,-2.1077421946276798,-2.211650534226335,-2.180162851281213,-2.2233334394006,-1.7858103234704235,-2.4008605782345707,-2.0126305425644437,-2.1669479340686415,-2.1368691700579343,0.15435186676080018,65
61,1.9685847520828248,0.35199039285467104,0.01032721996307373,0.026163642489302134,1,True,sag,"{'alpha': 1, 'fit_intercept': True, 'solver': 'sag'}",-1.8177976605845152,-2.0856423920318776,-1.9270386447588193,-1.9978106117354306,-1.9681518571833592,-2.084793411972768,-1.6915989703120615,-2.261554452260428,-1.769927482605863,-1.9814474501581258,-1.9585762933603248,0.15928118022971768,40
62,1.8012690782546996,0.35323027353160064,0.01173551082611084,0.026263020885207943,1,True,saga,"{'alpha': 1, 'fit_intercept': True, 'solver': 'saga'}",-1.8144208336999854,-2.109571499915317,-1.894158187888151,-1.9850740598185432,-1.9466795813664295,-2.0847840797650434,-1.677584535779013,-2.267742339906208,-1.7178718864843123,-1.9585724919817051,-1.9456459496604708,0.17184551078956867,32
63,0.5001510858535767,0.07573735735715204,0.0017627477645874023,0.0006740539544943949,1,False,auto,"{'alpha': 1, 'fit_intercept': False, 'solver': 'auto'}",-1.7850504492841686,-2.112928205440908,-1.8811362199288886,-1.959574899131517,-1.9164117153462603,-2.0091132012358637,-1.634864732540142,-2.2103421670459347,-1.6917207141720836,-1.9361266422914571,-1.9137268946417223,0.1685354429467799,28
64,2.20754930973053,0.07000984827376959,0.01031339168548584,0.026129138698825757,1,False,svd,"{'alpha': 1, 'fit_intercept': False, 'solver': 'svd'}",-1.7850504492839974,-2.1129282054409058,-1.8811362199287596,-1.9595748991316682,-1.9164117153462825,-2.009113201236149,-1.634864732540175,-2.210342167047247,-1.6917207141721333,-1.9361266422912913,-1.913726894641861,0.1685354429470322,30
65,0.43098433017730714,0.06183513197940207,0.010111355781555175,0.026219603450322013,1,False,cholesky,"{'alpha': 1, 'fit_intercept': False, 'solver': 'cholesky'}",-1.7850504492841686,-2.112928205440908,-1.8811362199288886,-1.959574899131517,-1.9164117153462603,-2.0091132012358637,-1.634864732540142,-2.2103421670459347,-1.6917207141720836,-1.9361266422914571,-1.9137268946417223,0.1685354429467799,28
66,0.28587348461151124,0.06337310076522644,0.0017032146453857422,0.0009935004824480596,1,False,lsqr,"{'alpha': 1, 'fit_intercept': False, 'solver': 'lsqr'}",-4.897207356958866,-4.605092313251079,-4.7649860812169536,-4.540709319076432,-4.527036503031272,-4.7804165878948615,-4.907900570378586,-4.725437362535556,-5.115103117840342,-4.801698481499122,-4.766558769368308,0.17207565477845463,85
67,0.27201008796691895,0.04383963479387474,0.017654776573181152,0.03251394455031714,1,False,sparse_cg,"{'alpha': 1, 'fit_intercept': False, 'solver': 'sparse_cg'}",-4.897207356958867,-4.605092313251079,-4.764986081216953,-4.540709319076432,-4.527036503031272,-4.7804165878948615,-4.907900570378586,-4.725437362535555,-5.115103117840341,-4.801698481499122,-4.766558769368308,0.17207565477845455,85
68,2.692327618598938,0.4902329740693064,0.01909940242767334,0.03501081763647549,1,False,sag,"{'alpha': 1, 'fit_intercept': False, 'solver': 'sag'}",-1.9259245861578607,-2.116783046670091,-1.9196270282719778,-2.0137571622201245,-1.9682459453260186,-2.270341514270151,-1.692512433464194,-2.517365218243539,-1.8865105568880187,-2.0770539635651266,-2.0388121455077104,0.21583236286072505,58
69,2.2510828495025637,0.41552139121678633,0.010234212875366211,0.026265443388405328,1,False,saga,"{'alpha': 1, 'fit_intercept': False, 'solver': 'saga'}",-1.8341075466259993,-2.2060529478090736,-2.019773310531441,-1.9904816975311597,-2.044875220934715,-2.086323418246481,-1.6779618515608101,-2.4009006102238026,-1.7265475037618858,-1.9677495233418036,-1.995477363056717,0.2049309420493888,53
70,0.5296468734741211,0.0442122606105681,0.0014343500137329102,0.00024448184316798883,10,True,auto,"{'alpha': 10, 'fit_intercept': True, 'solver': 'auto'}",-1.8397671891872642,-2.0936407345524506,-1.929477000733738,-1.9896244367400937,-1.9826181986725933,-2.0925467782433547,-1.6848267789197877,-2.240865702479575,-1.7586971070535289,-1.9766431800311144,-1.95887071066135,0.15735253681875572,42
71,2.4922993898391725,0.09379204941734154,0.011576151847839356,0.026368163495372264,10,True,svd,"{'alpha': 10, 'fit_intercept': True, 'solver': 'svd'}",-1.8397671891872638,-2.093640734552447,-1.929477000733738,-1.9896244367400937,-1.9826181986725906,-2.0925467782433547,-1.6848267789197884,-2.240865702479584,-1.7586971070535262,-1.9766431800311113,-1.9588707106613499,0.15735253681875724,41
72,0.5652990579605103,0.06647601781445536,0.018668508529663085,0.03448980606766243,10,True,cholesky,"{'alpha': 10, 'fit_intercept': True, 'solver': 'cholesky'}",-1.8397671891872642,-2.0936407345524506,-1.929477000733738,-1.9896244367400937,-1.9826181986725933,-2.0925467782433547,-1.6848267789197877,-2.240865702479575,-1.7586971070535289,-1.9766431800311144,-1.95887071066135,0.15735253681875572,42
73,0.4137317180633545,0.10157318040859523,0.018933653831481934,0.03490327940408398,10,True,lsqr,"{'alpha': 10, 'fit_intercept': True, 'solver': 'lsqr'}",-2.517468385430814,-2.6381465477250465,-2.5840884681685283,-2.580438017480338,-2.6262636274602658,-2.8490373116305485,-2.3951194416519006,-2.549450796947129,-2.652829582871267,-2.6836264718700282,-2.607646865123587,0.11195655697792281,83
74,0.5208690881729126,0.05981475611739762,0.010385632514953613,0.026187887683899926,10,True,sparse_cg,"{'alpha': 10, 'fit_intercept': True, 'solver': 'sparse_cg'}",-2.064517709058817,-2.213401382585254,-2.1121711633847524,-2.2084028569427074,-2.1771190266860057,-2.239042590185412,-1.8911788797490374,-2.30429196650186,-2.0337485459356945,-2.172374242192462,-2.1416248363222,0.11355212603327117,66
75,1.8600051164627076,0.36088636715521216,0.035037112236022946,0.04119584488918897,10,True,sag,"{'alpha': 10, 'fit_intercept': True, 'solver': 'sag'}",-1.8930291509233956,-2.079230870542982,-1.9633854631493162,-1.9947626855736869,-1.9898597474481605,-2.1043047351908517,-1.700084345389115,-2.2515337911057216,-1.7704189301953552,-1.9937417426123367,-1.974035146213092,0.15142463296984418,50
76,1.8496104717254638,0.11975916025579145,0.0015881776809692383,0.0009089202760488352,10,True,saga,"{'alpha': 10, 'fit_intercept': True, 'solver': 'saga'}",-1.8630870820670675,-2.0960512487346787,-1.946080734524363,-1.9976381827763767,-2.0142497069100664,-2.115587254489565,-1.7031155929664523,-2.358190389281707,-1.7657014072535888,-1.9946407405812396,-1.9854342339585103,0.1771132308248154,52
77,0.45230343341827395,0.07569675936460392,0.019147920608520507,0.034787174765731566,10,False,auto,"{'alpha': 10, 'fit_intercept': False, 'solver': 'auto'}",-1.841603312123927,-2.0986148728829206,-1.9278012910923024,-1.9888521372251189,-1.9877005749788157,-2.0902962531519877,-1.684565100919501,-2.250210846957591,-1.7583573175241984,-1.9778316703164482,-1.960583337717281,0.15934445492657426,44
78,2.2877430438995363,0.08233551315385684,0.019113612174987794,0.03492300604626281,10,False,svd,"{'alpha': 10, 'fit_intercept': False, 'solver': 'svd'}",-1.8416033121238777,-2.0986148728829637,-1.9278012910923261,-1.9888521372251606,-1.9877005749788694,-2.0902962531519926,-1.6845651009194882,-2.250210846957973,-1.7583573175242344,-1.9778316703164212,-1.9605833377173305,0.15934445492665003,46
79,0.4916529178619385,0.09358028193368444,0.010706543922424316,0.026143150779094043,10,False,cholesky,"{'alpha': 10, 'fit_intercept': False, 'solver': 'cholesky'}",-1.841603312123927,-2.0986148728829206,-1.9278012910923024,-1.9888521372251189,-1.9877005749788157,-2.0902962531519877,-1.684565100919501,-2.250210846957591,-1.7583573175241984,-1.9778316703164482,-1.960583337717281,0.15934445492657426,44
80,0.22130751609802246,0.05451671676900355,0.0012733221054077148,0.0002274251081544875,10,False,lsqr,"{'alpha': 10, 'fit_intercept': False, 'solver': 'lsqr'}",-4.897246268664034,-4.605088307340378,-4.76494894302302,-4.540716352584179,-4.527064213541013,-4.7804282827851505,-4.907912310476612,-4.725371375786904,-5.11508989964866,-4.801721845750168,-4.766558779960011,0.17207467643491198,95
81,0.27607173919677735,0.05650245374987786,0.018479418754577637,0.03416508710831605,10,False,sparse_cg,"{'alpha': 10, 'fit_intercept': False, 'solver': 'sparse_cg'}",-4.897246268664035,-4.605088307340378,-4.764948943023019,-4.54071635258418,-4.527064213541012,-4.7804282827851505,-4.907912310476612,-4.725371375786904,-5.115089899648658,-4.801721845750168,-4.766558779960012,0.1720746764349117,96
82,2.24129319190979,0.5126533918051596,0.0021808862686157225,0.0014582853282946197,10,False,sag,"{'alpha': 10, 'fit_intercept': False, 'solver': 'sag'}",-1.8930998524232736,-2.124245974434173,-2.043417665228284,-2.0228020938503817,-2.0283016566000125,-2.133222977974294,-1.743654244893784,-2.351494797971986,-1.915901442730981,-2.040403411934057,-2.029654411804123,0.15394543815196546,57
83,1.8405532836914062,0.2789978952740188,0.0016296863555908202,0.0003244972718089181,10,False,saga,"{'alpha': 10, 'fit_intercept': False, 'solver': 'saga'}",-1.8797010996860595,-2.147260889960842,-1.982500219861279,-2.060572607381676,-2.036981011463518,-2.147534107651093,-1.7152923829016133,-2.3373261883011383,-1.7716778650634235,-1.9976274396654805,-2.0076473811936126,0.1759732857080698,54
84,0.5003992080688476,0.060930828520491115,0.0013882637023925782,0.000297371663243017,100,True,auto,"{'alpha': 100, 'fit_intercept': True, 'solver': 'auto'}",-2.171072753570924,-2.2510534295262326,-2.2225256514789034,-2.2425635602341614,-2.2410929352031754,-2.426588122168692,-2.010208771159444,-2.2311937390271797,-2.20712178341142,-2.265584355723053,-2.226900510150318,0.0963859529540785,69
85,2.617507743835449,0.14569637069646887,0.011219382286071777,0.026038973790771656,100,True,svd,"{'alpha': 100, 'fit_intercept': True, 'solver': 'svd'}",-2.171072753570925,-2.2510534295262326,-2.2225256514789025,-2.2425635602341605,-2.2410929352031737,-2.4265881221686922,-2.010208771159444,-2.2311937390271814,-2.2071217834114205,-2.265584355723053,-2.226900510150318,0.0963859529540785,69
86,0.5494500875473023,0.06211060881583082,0.01035778522491455,0.026246700211628005,100,True,cholesky,"{'alpha': 100, 'fit_intercept': True, 'solver': 'cholesky'}",-2.171072753570924,-2.2510534295262326,-2.2225256514789034,-2.2425635602341614,-2.2410929352031754,-2.426588122168692,-2.010208771159444,-2.2311937390271797,-2.20712178341142,-2.265584355723053,-2.226900510150318,0.0963859529540785,69
87,0.36367523670196533,0.06220046872987531,0.017759013175964355,0.03263644378939123,100,True,lsqr,"{'alpha': 100, 'fit_intercept': True, 'solver': 'lsqr'}",-2.568662293889753,-2.6374006869499107,-2.615095419316781,-2.595420888787445,-2.6261391295410434,-2.8616881276176374,-2.438217484265465,-2.5312741005435284,-2.7118017617596752,-2.690852947892237,-2.6276552840563476,0.10760864730402117,84
88,0.6386122465133667,0.10885132273624416,0.0015534400939941407,0.0001628667382018717,100,True,sparse_cg,"{'alpha': 100, 'fit_intercept': True, 'solver': 'sparse_cg'}",-2.287050512175272,-2.3090280559413845,-2.309346094303648,-2.3561809476715503,-2.3461081844521967,-2.541288349247775,-2.174052564580622,-2.294784427726476,-2.3629286222144574,-2.4054917536880573,-2.338625951200144,0.08938552162229357,77
89,1.8282090663909911,0.16128018498757735,0.010748600959777832,0.026098128939831065,100,True,sag,"{'alpha': 100, 'fit_intercept': True, 'solver': 'sag'}",-2.1723057305832842,-2.2441216473394587,-2.2107738328646196,-2.251975597510609,-2.24888875053738,-2.4427911862596208,-2.0145960028828744,-2.225317092589817,-2.196691357428438,-2.2697763819688324,-2.2277237579964932,0.09953799321573983,72
90,1.8085657596588134,0.19719979352639977,0.019026470184326173,0.034877616614043754,100,True,saga,"{'alpha': 100, 'fit_intercept': True, 'solver': 'saga'}",-2.1497882054112867,-2.2431016924429112,-2.203519635598788,-2.190752780447094,-2.2361407454998643,-2.4124112492223437,-1.9569821300221764,-2.2406151933811196,-2.192182910660697,-2.2591754837537255,-2.2084670026440008,0.10698354727732111,67
91,0.4793302774429321,0.08419216390217805,0.018966531753540038,0.03495919369839533,100,False,auto,"{'alpha': 100, 'fit_intercept': False, 'solver': 'auto'}",-2.1789720781157063,-2.256384521596123,-2.225089774016505,-2.241708477275869,-2.2450576582190713,-2.425172126784561,-2.0174270023092378,-2.237338645026643,-2.210255363465242,-2.2687200178261717,-2.2306125664635137,0.09429027300276308,73
92,2.30087673664093,0.12847092808919067,0.036569619178771974,0.04233770085502369,100,False,svd,"{'alpha': 100, 'fit_intercept': False, 'solver': 'svd'}",-2.1789720781156903,-2.2563845215961296,-2.225089774016495,-2.2417084772758744,-2.245057658219086,-2.4251721267845556,-2.017427002309237,-2.237338645026709,-2.2102553634652544,-2.268720017826167,-2.2306125664635195,0.09429027300276359,75
93,0.4880748510360718,0.06820675127399389,0.01906454563140869,0.03404497036930727,100,False,cholesky,"{'alpha': 100, 'fit_intercept': False, 'solver': 'cholesky'}",-2.1789720781157063,-2.256384521596123,-2.225089774016505,-2.241708477275869,-2.2450576582190713,-2.425172126784561,-2.0174270023092378,-2.237338645026643,-2.210255363465242,-2.2687200178261717,-2.2306125664635137,0.09429027300276308,73
94,0.30301406383514407,0.05759859833692092,0.009689760208129884,0.0244487788949202,100,False,lsqr,"{'alpha': 100, 'fit_intercept': False, 'solver': 'lsqr'}",-4.897640110816885,-4.6050533181214846,-4.764582896600707,-4.540791637239633,-4.52734614515364,-4.78055016148232,-4.908034573268651,-4.724717007857714,-5.114962854337527,-4.801960328800449,-4.766563903367901,0.17206518595683426,97
95,0.27851932048797606,0.054044064397998394,0.009658885002136231,0.024410187568820216,100,False,sparse_cg,"{'alpha': 100, 'fit_intercept': False, 'solver': 'sparse_cg'}",-4.897640110816887,-4.605053318121484,-4.764582896600706,-4.540791637239633,-4.527346145153639,-4.78055016148232,-4.90803457326865,-4.724717007857714,-5.114962854337526,-4.801960328800449,-4.766563903367901,0.17206518595683434,97
96,1.1874442100524902,0.07369291417780728,0.002080273628234863,0.0016611948970884133,100,False,sag,"{'alpha': 100, 'fit_intercept': False, 'solver': 'sag'}",-2.190128305182168,-2.261274241529579,-2.2979128026003686,-2.251352453320548,-2.258160890867939,-2.4437179571334786,-2.0166166484291628,-2.226294531188465,-2.210400067292355,-2.270977470122417,-2.242683536766648,0.10005252711646437,76
97,1.0237577915191651,0.07275446373882297,0.01391909122467041,0.025459594358404634,100,False,saga,"{'alpha': 100, 'fit_intercept': False, 'solver': 'saga'}",-2.1585797167391023,-2.2362810334469003,-2.2101447351426526,-2.32888399601944,-2.234730071623127,-2.3898529643970168,-2.0055189262966113,-2.2376808786765965,-2.206358604936529,-2.256729858877007,-2.226476078615498,0.09617062820985989,68
