,mean_fit_time,std_fit_time,mean_score_time,std_score_time,param_alpha,param_fit_intercept,param_solver,params,split0_test_score,split1_test_score,split2_test_score,split3_test_score,split4_test_score,split5_test_score,split6_test_score,split7_test_score,split8_test_score,split9_test_score,mean_test_score,std_test_score,rank_test_score
0,2.7482224702835083,0.3579432494490337,0.0016964912414550782,0.00024423711888933464,0.0001,True,auto,"{'alpha': 0.0001, 'fit_intercept': True, 'solver': 'auto'}",-1.8598728845381003,-2.07338225473954,-2.146756191882248,-1.8502104513472761,-1.9354521160184588,-2.2891973920756765,-1.7348772476714318,-1.7028528184418152,-1.8397516886274412,-1.6456322482956216,-1.907798529363761,0.19535297479965147,14
1,5.166126489639282,0.33808322252858686,0.0016108989715576173,0.0002489253747601378,0.0001,True,svd,"{'alpha': 0.0001, 'fit_intercept': True, 'solver': 'svd'}",-1.8598728845383825,-2.07338225473948,-2.14675619188328,-1.850210451347208,-1.9354521160182292,-2.2891973920769733,-1.7348772476726366,-1.7028528184419456,-1.8397516886178333,-1.645632248295455,-1.9077985293631425,0.19535297480025424,13
2,2.7071206331253053,0.8044225834957546,0.0016609430313110352,0.00027449594467426745,0.0001,True,cholesky,"{'alpha': 0.0001, 'fit_intercept': True, 'solver': 'cholesky'}",-1.8598728845381003,-2.07338225473954,-2.146756191882248,-1.8502104513472761,-1.9354521160184588,-2.2891973920756765,-1.7348772476714318,-1.7028528184418152,-1.8397516886274412,-1.6456322482956216,-1.907798529363761,0.19535297479965147,14
3,1.4783346891403197,1.2273044020413648,0.011552047729492188,0.030039981924375223,0.0001,True,lsqr,"{'alpha': 0.0001, 'fit_intercept': True, 'solver': 'lsqr'}",-2.752205750987232,-2.962599519521746,-2.7666570644410506,-2.5470135363473014,-2.8028956663235323,-2.6865803234931422,-2.5033694754539684,-2.4209901512192675,-2.5400207629732883,-2.488802562917889,-2.647113481367842,0.16402362949741772,82
4,1.9074028968811034,1.2577283694531272,0.0015819787979125977,0.00019537494247298575,0.0001,True,sparse_cg,"{'alpha': 0.0001, 'fit_intercept': True, 'solver': 'sparse_cg'}",-2.1528924565513377,-2.3749984897169747,-2.5769399872171164,-2.005794519438965,-2.1730847407966563,-2.111222096777643,-1.9679018031667452,-1.9139900085033332,-1.9471130391197373,-2.1200309907690604,-2.1343968132057567,0.19601771002358825,63
5,2.2601364612579347,0.5151887312772052,0.28071160316467286,0.8090630534680202,0.0001,True,sag,"{'alpha': 0.0001, 'fit_intercept': True, 'solver': 'sag'}",-1.9948873677126324,-2.2359005873603364,-2.5489886599752203,-1.852328202356677,-2.0714393376705087,-1.9084626356202896,-1.850280463217587,-1.750338031753665,-1.7813799108771389,-2.0574205966395738,-2.005142579318363,0.22976680524390186,37
6,2.1812546014785767,0.508559266711619,0.32804911136627196,0.9237711559785228,0.0001,True,saga,"{'alpha': 0.0001, 'fit_intercept': True, 'solver': 'saga'}",-1.9959277330603917,-2.261022581752008,-2.5364001468228055,-1.8971820864563909,-2.0202102791685297,-1.9097000821409422,-1.8555979580716375,-1.7818148836882293,-1.7498276657023544,-2.000178574695311,-2.0007861991558604,0.22495450324181362,33
7,0.5265414476394653,0.08735121576697984,0.0016289234161376953,0.00020473176501874815,0.0001,False,auto,"{'alpha': 0.0001, 'fit_intercept': False, 'solver': 'auto'}",-1.8602790148397732,-2.073281244375304,-2.147099045840722,-1.8504784257344444,-1.9359936532539328,-2.290169516862082,-1.7347088513103333,-1.7024937275639571,-1.8426836592260598,-1.6455367060827844,-1.9082723845089393,0.19553121616597394,17
8,2.540703558921814,0.17946674847830954,0.017923831939697266,0.032744778539982776,0.0001,False,svd,"{'alpha': 0.0001, 'fit_intercept': False, 'solver': 'svd'}",-1.8602790148165165,-2.0732812443670223,-2.1470990458404784,-1.8504784257311655,-1.935993653220591,-2.290169516823258,-1.7347088513234357,-1.702493727573519,-1.8426836592795468,-1.6455367060781934,-1.9082723845053724,0.19553121615451088,16
9,0.5995921850204468,0.04223806302104882,0.010402274131774903,0.026246931136525646,0.0001,False,cholesky,"{'alpha': 0.0001, 'fit_intercept': False, 'solver': 'cholesky'}",-1.8602790148397732,-2.073281244375304,-2.147099045840722,-1.8504784257344444,-1.9359936532539328,-2.290169516862082,-1.7347088513103333,-1.7024937275639571,-1.8426836592260598,-1.6455367060827844,-1.9082723845089393,0.19553121616597394,17
10,0.37813875675201414,0.059145136290047105,0.0017733812332153321,7.109588060615535e-05,0.0001,False,lsqr,"{'alpha': 0.0001, 'fit_intercept': False, 'solver': 'lsqr'}",-5.181737169493718,-5.041787464725722,-4.792030713887351,-4.760809338369684,-5.065077326092483,-4.7231083678643,-4.819319183720554,-4.66266863883646,-4.853635690359687,-4.618640476617063,-4.851881436996703,0.17608138363405856,96
11,0.41202707290649415,0.02733734697384401,0.01914701461791992,0.03497187248095827,0.0001,False,sparse_cg,"{'alpha': 0.0001, 'fit_intercept': False, 'solver': 'sparse_cg'}",-5.181737169493718,-5.041787464725721,-4.792030713887351,-4.760809338369684,-5.065077326092484,-4.723108367864298,-4.819319183720554,-4.66266863883646,-4.853635690359686,-4.618640476617063,-4.851881436996702,0.17608138363405867,95
12,2.591661834716797,0.43243881349289554,0.019171905517578126,0.03538537831079123,0.0001,False,sag,"{'alpha': 0.0001, 'fit_intercept': False, 'solver': 'sag'}",-2.0994358233386357,-2.3000829457916523,-2.537966939266005,-1.9719398828927992,-2.0571774341553937,-2.4104485976943892,-1.8605165164746218,-1.8313748194278032,-1.7591870145960877,-2.0842620882089458,-2.091239206184633,0.24322942364258754,58
13,2.0236860513687134,0.3465485848620782,0.018406319618225097,0.03374587337243889,0.0001,False,saga,"{'alpha': 0.0001, 'fit_intercept': False, 'solver': 'saga'}",-1.9972998634983028,-2.2823875157535776,-2.5458059358253133,-1.9345165960623825,-2.045110681463766,-1.9420770381921668,-1.8684653403111624,-1.7751610895361012,-1.7585825387998018,-1.985251369972681,-2.0134657969415253,0.2262460556111652,45
14,0.7176219701766968,0.10720430356431868,0.018552160263061522,0.033855401632665275,0.001,True,auto,"{'alpha': 0.001, 'fit_intercept': True, 'solver': 'auto'}",-1.8576233116282617,-2.0712653724570673,-2.1529170124337544,-1.8471716560129205,-1.9360629350704546,-2.23972907769123,-1.741413090331742,-1.7029532665376994,-1.8042433913564604,-1.653749208779543,-1.9007128322299134,0.1866501444429927,7
15,2.5120622873306275,0.1377920756961984,0.01094510555267334,0.02707597495676102,0.001,True,svd,"{'alpha': 0.001, 'fit_intercept': True, 'solver': 'svd'}",-1.8576233116283012,-2.0712653724570296,-2.152917012433715,-1.847171656012929,-1.9360629350704532,-2.2397290776912784,-1.7414130903319898,-1.7029532665376244,-1.8042433913563491,-1.6537492087796337,-1.9007128322299303,0.18665014444297207,9
16,0.5302471160888672,0.05961425813609512,0.001340770721435547,0.00023109629390319477,0.001,True,cholesky,"{'alpha': 0.001, 'fit_intercept': True, 'solver': 'cholesky'}",-1.8576233116282617,-2.0712653724570673,-2.1529170124337544,-1.8471716560129205,-1.9360629350704546,-2.23972907769123,-1.741413090331742,-1.7029532665376994,-1.8042433913564604,-1.653749208779543,-1.9007128322299134,0.1866501444429927,7
17,0.43791224956512453,0.04522366135263457,0.0015584707260131836,0.00027207400316666606,0.001,True,lsqr,"{'alpha': 0.001, 'fit_intercept': True, 'solver': 'lsqr'}",-2.7522060884325676,-2.9625993847895957,-2.766656716393715,-2.5470135265006433,-2.8028957622787423,-2.6865800948511964,-2.503369810838459,-2.4209901345312197,-2.5400208058230533,-2.4888023475979004,-2.647113467203709,0.16402359494314628,81
18,0.5736970663070678,0.11242291520779712,0.00963761806488037,0.02447753204222593,0.001,True,sparse_cg,"{'alpha': 0.001, 'fit_intercept': True, 'solver': 'sparse_cg'}",-2.1528938413449716,-2.3749986845918074,-2.5769357143948666,-2.005794372617255,-2.1730858755239324,-2.111221749489451,-1.967902693663843,-1.913990381196714,-1.9471136837934868,-2.120028836724288,-2.1343965833340617,0.19601665513415978,62
19,2.250831961631775,0.41886511172982543,0.010515046119689942,0.02575050257075784,0.001,True,sag,"{'alpha': 0.001, 'fit_intercept': True, 'solver': 'sag'}",-2.077636181993657,-2.240414912261432,-2.4943471976104856,-1.9165536887269967,-2.1262656934778525,-1.9012617793698021,-1.8560099138945596,-1.7862338715096522,-1.7763352060155804,-2.0326141359503853,-2.0207672580810407,0.21308855939292898,51
20,2.13311972618103,0.15667611762452394,0.010565447807312011,0.026224178490212368,0.001,True,saga,"{'alpha': 0.001, 'fit_intercept': True, 'solver': 'saga'}",-1.9745171456805608,-2.252861824502778,-2.5216975414397305,-1.887493644502875,-2.0511852112070814,-1.9075275863859829,-1.856193066700677,-1.7661645268740163,-1.7570464263719614,-2.024290451082346,-1.9998977424748012,0.22261207941079303,32
21,0.5287940502166748,0.042315408986694024,0.01905856132507324,0.034997131244568214,0.001,False,auto,"{'alpha': 0.001, 'fit_intercept': False, 'solver': 'auto'}",-1.8591585431686608,-2.069803510229248,-2.151758420471379,-1.8487409447865721,-1.9365567380902957,-2.243992642543622,-1.7420125804246067,-1.7032026026792066,-1.7969005401349794,-1.6561171622010984,-1.900824368472967,0.18707462805674252,11
22,2.3495371341705322,0.2035784268351239,0.03874030113220215,0.044208588292011755,0.001,False,svd,"{'alpha': 0.001, 'fit_intercept': False, 'solver': 'svd'}",-1.859158543162176,-2.0698035102255465,-2.1517584204906703,-1.8487409447872594,-1.9365567380875364,-2.2439926425383265,-1.7420125804160917,-1.70320260267472,-1.79690054014136,-1.656117162188954,-1.9008243684712647,0.18707462806052796,10
23,0.41849331855773925,0.06725436609968508,0.027393507957458495,0.03915169910377268,0.001,False,cholesky,"{'alpha': 0.001, 'fit_intercept': False, 'solver': 'cholesky'}",-1.8591585431686608,-2.069803510229248,-2.151758420471379,-1.8487409447865721,-1.9365567380902957,-2.243992642543622,-1.7420125804246067,-1.7032026026792066,-1.7969005401349794,-1.6561171622010984,-1.900824368472967,0.18707462805674252,11
24,0.30194740295410155,0.05885193372519588,0.010227394104003907,0.02621903207288717,0.001,False,lsqr,"{'alpha': 0.001, 'fit_intercept': False, 'solver': 'lsqr'}",-5.181737171853987,-5.04178746814181,-4.792030706964887,-4.7608093369441535,-5.065077324412049,-4.723108366338085,-4.819319183879568,-4.662668640647255,-4.8536356928639615,-4.618640477857278,-4.851881436990303,0.17608138430251022,94
25,0.3267545461654663,0.06237306746484234,0.018941926956176757,0.03366985739395374,0.001,False,sparse_cg,"{'alpha': 0.001, 'fit_intercept': False, 'solver': 'sparse_cg'}",-5.181737171853986,-5.04178746814181,-4.792030706964887,-4.760809336944154,-5.065077324412048,-4.723108366338083,-4.819319183879568,-4.662668640647255,-4.853635692863961,-4.618640477857277,-4.851881436990302,0.17608138430251014,93
26,2.562182378768921,0.4331336808392459,0.018804001808166503,0.03401169590137279,0.001,False,sag,"{'alpha': 0.001, 'fit_intercept': False, 'solver': 'sag'}",-2.030411149348589,-2.2625296058874995,-2.587412226775361,-1.9743876889025564,-2.0564479743100925,-2.0161537047766003,-1.9126267954004894,-1.8433214400940583,-1.8244321393296952,-2.2006380925758413,-2.070836081740078,0.21727575192481732,57
27,2.328670859336853,0.15410107542612023,0.019173097610473634,0.03482471166751917,0.001,False,saga,"{'alpha': 0.001, 'fit_intercept': False, 'solver': 'saga'}",-2.005632411773165,-2.266916711542777,-2.5368723025022,-1.9100496404992802,-2.040761903228443,-1.9300135259685292,-1.8507438203872926,-1.7721233353299153,-1.7595840039804336,-2.0821138343934633,-2.01548114896055,0.22594465811275788,48
28,0.6289574384689331,0.07453777222952995,0.0017815589904785155,0.0006122646413220033,0.01,True,auto,"{'alpha': 0.01, 'fit_intercept': True, 'solver': 'auto'}",-1.86864310279098,-2.091455456973478,-2.1966803350231454,-1.8292190809817608,-1.9452607576835248,-2.073039456654425,-1.7587775117467757,-1.6964073396472887,-1.7557602596547386,-1.725697149318554,-1.894094045047467,0.1657981732073119,1
29,2.8694968938827516,0.18798235406790254,0.011066436767578125,0.026996374498517512,0.01,True,svd,"{'alpha': 0.01, 'fit_intercept': True, 'solver': 'svd'}",-1.8686431027910282,-2.0914554569734634,-2.1966803350231494,-1.8292190809817483,-1.9452607576835144,-2.073039456654495,-1.7587775117468107,-1.6964073396472923,-1.7557602596547823,-1.725697149318659,-1.8940940450474943,0.16579817320730028,3
30,0.6101883888244629,0.10146553763361246,0.00975499153137207,0.024519713931833713,0.01,True,cholesky,"{'alpha': 0.01, 'fit_intercept': True, 'solver': 'cholesky'}",-1.86864310279098,-2.091455456973478,-2.1966803350231454,-1.8292190809817608,-1.9452607576835248,-2.073039456654425,-1.7587775117467757,-1.6964073396472887,-1.7557602596547386,-1.725697149318554,-1.894094045047467,0.1657981732073119,1
31,0.5074350357055664,0.0795296838603129,0.010482215881347656,0.026317042652158368,0.01,True,lsqr,"{'alpha': 0.01, 'fit_intercept': True, 'solver': 'lsqr'}",-2.752209463089759,-2.9625980377408285,-2.766653236255355,-2.5470134282852985,-2.8028967220709573,-2.6865778087282544,-2.5033731648611703,-2.420989967919152,-2.5400212345937936,-2.4888001947257967,-2.647113325827037,0.16402324941840382,80
32,0.7109635829925537,0.12021405565920898,0.019890546798706055,0.03483440455470395,0.01,True,sparse_cg,"{'alpha': 0.01, 'fit_intercept': True, 'solver': 'sparse_cg'}",-2.152907692258431,-2.3750006376323523,-2.57689299440169,-2.005792908906892,-2.1730972264348285,-2.1112182812785427,-1.9679116020248146,-1.913994111646995,-1.9471201343018447,-2.1200073026485198,-2.134394289153491,0.19600610773144672,61
33,3.0929965019226073,0.2344666184030006,0.028723835945129395,0.04021007346820244,0.01,True,sag,"{'alpha': 0.01, 'fit_intercept': True, 'solver': 'sag'}",-2.0007402373388827,-2.252578269787313,-2.4838357388788035,-1.935932597188435,-2.011848539014816,-1.9348978535584818,-1.850209126455033,-1.7718583526128184,-1.774988803101863,-1.991790108676127,-2.0008679626612578,0.2077384139996106,34
34,2.4113900423049928,0.20105639854072863,0.029120922088623047,0.041124764577088746,0.01,True,saga,"{'alpha': 0.01, 'fit_intercept': True, 'solver': 'saga'}",-2.0004024944718743,-2.2635037123603907,-2.6312699392946945,-1.8914714708028306,-2.0365255139700897,-1.9319723119275154,-1.8491180329338817,-1.7731375406046035,-1.7515893085013687,-2.019253751742989,-2.014824407661024,0.24895568226137715,46
35,0.5298530101776123,0.04549960962357761,0.010258984565734864,0.026220577544922682,0.01,False,auto,"{'alpha': 0.01, 'fit_intercept': False, 'solver': 'auto'}",-1.8728964755213373,-2.0926911436138136,-2.193755160302621,-1.8363880431838886,-1.9452767416018129,-2.0860791924653563,-1.7629173762562838,-1.7029408760905318,-1.7364873497696962,-1.7392849267227284,-1.896871728552807,0.1658222865326631,5
36,2.227447533607483,0.4802953721130622,0.019075393676757812,0.03511816527403258,0.01,False,svd,"{'alpha': 0.01, 'fit_intercept': False, 'solver': 'svd'}",-1.8728964755204858,-2.0926911436120896,-2.1937551603052565,-1.8363880431841602,-1.9452767415996093,-2.086079192459836,-1.7629173762549233,-1.7029408760897862,-1.736487349778206,-1.7392849267213535,-1.8968717285525707,0.16582228653174427,4
37,0.573581314086914,0.1263189129264104,0.010381174087524415,0.026225347046442492,0.01,False,cholesky,"{'alpha': 0.01, 'fit_intercept': False, 'solver': 'cholesky'}",-1.8728964755213373,-2.0926911436138136,-2.193755160302621,-1.8363880431838886,-1.9452767416018129,-2.0860791924653563,-1.7629173762562838,-1.7029408760905318,-1.7364873497696962,-1.7392849267227284,-1.896871728552807,0.1658222865326631,5
38,0.26373183727264404,0.06207021320262948,0.01844782829284668,0.034515699514460166,0.01,False,lsqr,"{'alpha': 0.01, 'fit_intercept': False, 'solver': 'lsqr'}",-5.18173719545672,-5.041787502302738,-4.792030637740305,-4.760809322688899,-5.065077307607733,-4.723108351075983,-4.819319185469748,-4.662668658755254,-4.853635717906751,-4.618640490259463,-4.85188143692636,0.1760813909870275,91
39,0.24010710716247557,0.0484969317455316,0.0017806768417358398,0.0010951762091960685,0.01,False,sparse_cg,"{'alpha': 0.01, 'fit_intercept': False, 'solver': 'sparse_cg'}",-5.18173719545672,-5.0417875023027365,-4.792030637740305,-4.7608093226889,-5.065077307607733,-4.723108351075982,-4.819319185469747,-4.662668658755254,-4.85363571790675,-4.618640490259462,-4.85188143692636,0.17608139098702746,91
40,2.7776307582855226,0.39933254007081115,0.011872506141662598,0.026294955395932205,0.01,False,sag,"{'alpha': 0.01, 'fit_intercept': False, 'solver': 'sag'}",-2.131380167021012,-2.386960720175266,-2.649383659459658,-2.154943688054291,-2.0932974254264787,-2.033739768642183,-1.9099327989045818,-1.8704144146681476,-1.7985019116736165,-2.3397592179650823,-2.1368313771990315,0.24824642697003815,64
41,2.4109848976135253,0.3294914760606061,0.03710637092590332,0.04379643883176324,0.01,False,saga,"{'alpha': 0.01, 'fit_intercept': False, 'solver': 'saga'}",-2.01022590754263,-2.2765004460931797,-2.5334254523240767,-1.9137305288480748,-2.0369471332977303,-1.9282628094696088,-1.8730694048920875,-1.7769819959026576,-1.7699549786021076,-2.0353902270943647,-2.015448888406652,0.22196585785175096,47
42,0.5589872837066651,0.0630157905506901,0.0189685583114624,0.03490063671095183,0.1,True,auto,"{'alpha': 0.1, 'fit_intercept': True, 'solver': 'auto'}",-1.926762618235863,-2.168252231400534,-2.311426821448113,-1.8242217157545115,-1.9815391308096229,-1.9079100461121734,-1.8137341388744963,-1.7259590046128377,-1.752075885046366,-1.9010308454280664,-1.9312912437722587,0.17442027627802328,19
43,2.5438947439193726,0.157654011483827,0.009851956367492675,0.025051909931590042,0.1,True,svd,"{'alpha': 0.1, 'fit_intercept': True, 'solver': 'svd'}",-1.9267626182358817,-2.1682522314005235,-2.311426821448123,-1.8242217157544878,-1.981539130809622,-1.9079100461121612,-1.813734138874504,-1.7259590046128468,-1.7520758850463798,-1.9010308454281066,-1.9312912437722638,0.1744202762780218,21
44,0.8496711730957032,0.2445559015782912,0.010908746719360351,0.02850200705415662,0.1,True,cholesky,"{'alpha': 0.1, 'fit_intercept': True, 'solver': 'cholesky'}",-1.926762618235863,-2.168252231400534,-2.311426821448113,-1.8242217157545115,-1.9815391308096229,-1.9079100461121734,-1.8137341388744963,-1.7259590046128377,-1.752075885046366,-1.9010308454280664,-1.9312912437722587,0.17442027627802328,19
45,0.3915462255477905,0.0911049578425577,0.0014825105667114259,0.00019212737340712372,0.1,True,lsqr,"{'alpha': 0.1, 'fit_intercept': True, 'solver': 'lsqr'}",-2.7522432300388355,-2.9625845945190976,-2.7666184683631103,-2.5470124712490425,-2.8029063439985666,-2.686554977142873,-2.503406722862846,-2.420988328632186,-2.540025549601936,-2.488778698774005,-2.6471119385182496,0.16401979596761476,79
46,0.5574212312698364,0.10698363154201505,0.0016072511672973633,0.00028551681634382385,0.1,True,sparse_cg,"{'alpha': 0.1, 'fit_intercept': True, 'solver': 'sparse_cg'}",-2.153046498550493,-2.3750205966628974,-2.576466616387862,-2.005778721895662,-2.173211098630967,-2.1111840654822127,-1.9680010241312615,-1.9140317672404255,-1.9471850160250952,-2.1197925981475225,-2.13437180031544,0.19590078269011849,60
47,2.5104209661483763,0.357906646760462,0.019355130195617676,0.03480456321281444,0.1,True,sag,"{'alpha': 0.1, 'fit_intercept': True, 'solver': 'sag'}",-2.0381436855822437,-2.2596796405733426,-2.489296698551038,-1.8771338975975007,-2.0385285828006756,-1.9303244009650493,-1.860796945143464,-1.7678065219790597,-1.780859943247308,-2.081713960836589,-2.0124284277276265,0.21358396827298454,44
48,2.250272297859192,0.27371286609875306,0.019169163703918458,0.035351516761427594,0.1,True,saga,"{'alpha': 0.1, 'fit_intercept': True, 'solver': 'saga'}",-1.9941688908598159,-2.2645160781031373,-2.5330289381488362,-1.8936475732495335,-2.0407627367875794,-1.9223956178855695,-1.8545667728129143,-1.7816536564080014,-1.7470538305524304,-1.99647074543115,-2.0028264840238967,0.22491281984562764,35
49,0.5088793516159058,0.04873175861985645,0.010696697235107421,0.02679464189263224,0.1,False,auto,"{'alpha': 0.1, 'fit_intercept': False, 'solver': 'auto'}",-1.928407090684912,-2.1705978094469542,-2.311362797267283,-1.8278975515668552,-1.9794636883969192,-1.9129031606122227,-1.8150084275720733,-1.729989817947329,-1.7421819273854926,-1.9092100508340257,-1.932702232171407,0.17474360052009574,23
50,2.3427111387252806,0.21190312868707006,0.010272836685180664,0.024246635740166795,0.1,False,svd,"{'alpha': 0.1, 'fit_intercept': False, 'solver': 'svd'}",-1.9284070906845654,-2.170597809446755,-2.311362797267393,-1.8278975515666744,-1.9794636883963403,-1.912903160612829,-1.8150084275722094,-1.7299898179470996,-1.7421819273859578,-1.9092100508326042,-1.932702232171243,0.17474360052006752,22
51,0.5535755395889282,0.13332827258343036,0.027049922943115236,0.03910746672752719,0.1,False,cholesky,"{'alpha': 0.1, 'fit_intercept': False, 'solver': 'cholesky'}",-1.928407090684912,-2.1705978094469542,-2.311362797267283,-1.8278975515668552,-1.9794636883969192,-1.9129031606122227,-1.8150084275720733,-1.729989817947329,-1.7421819273854926,-1.9092100508340257,-1.932702232171407,0.17474360052009574,23
52,0.31147763729095457,0.07877802653960703,0.0016334772109985352,0.0005907415452415731,0.1,False,lsqr,"{'alpha': 0.1, 'fit_intercept': False, 'solver': 'lsqr'}",-5.1817374314883,-5.041787843916167,-4.792029945499461,-4.7608091801408605,-5.065077139569072,-4.723108198459529,-4.8193192013759765,-4.662668839839556,-4.853635968338849,-4.618640614285621,-4.851881436291339,0.1760814578323869,89
53,0.22314226627349854,0.03926762102437326,0.0014168977737426757,0.0004370484321549834,0.1,False,sparse_cg,"{'alpha': 0.1, 'fit_intercept': False, 'solver': 'sparse_cg'}",-5.1817374314883,-5.041787843916167,-4.792029945499461,-4.760809180140862,-5.065077139569072,-4.723108198459528,-4.8193192013759765,-4.662668839839556,-4.853635968338849,-4.61864061428562,-4.85188143629134,0.176081457832387,90
54,2.4682808399200438,0.519972648437061,0.0018659114837646484,0.0009162054977528562,0.1,False,sag,"{'alpha': 0.1, 'fit_intercept': False, 'solver': 'sag'}",-2.049015615644982,-2.2918915279085152,-2.5609215560730387,-1.9022363671263747,-2.1883341447710896,-2.2663761727422838,-2.0113739575250498,-1.8174368737047295,-1.8390347007201688,-2.0909739291107243,-2.1017594845326957,0.21961665431663668,59
55,2.2572386264801025,0.3145086483290637,0.01963772773742676,0.03557438078309646,0.1,False,saga,"{'alpha': 0.1, 'fit_intercept': False, 'solver': 'saga'}",-1.9986794006782547,-2.2722446237977194,-2.5431434518227767,-1.8896607094421192,-2.040051571404314,-2.144688848137962,-1.8527322889564368,-1.7814892894118923,-1.764366823921648,-2.067739665856751,-2.0354796673429876,0.2282094949875549,53
56,0.582516360282898,0.08535384880091554,0.03663115501403809,0.04250421570628085,1,True,auto,"{'alpha': 1, 'fit_intercept': True, 'solver': 'auto'}",-1.96594647887743,-2.218958187434245,-2.4086334982631135,-1.8381477065702403,-2.0027333023024876,-1.8713463988886911,-1.8301443627259955,-1.7449316155736756,-1.7515044417179417,-1.9674110662329707,-1.9599757058586793,0.19988559454833912,28
57,2.82066924571991,0.1700132124569627,0.028089070320129396,0.03913613132549295,1,True,svd,"{'alpha': 1, 'fit_intercept': True, 'solver': 'svd'}",-1.9659464788774337,-2.218958187434244,-2.408633498263124,-1.8381477065702316,-2.002733302302487,-1.8713463988886876,-1.8301443627260003,-1.7449316155736796,-1.7515044417179502,-1.9674110662329765,-1.9599757058586813,0.19988559454834043,30
58,0.6288638114929199,0.07515460007069505,0.0016177892684936523,0.0002450528334726747,1,True,cholesky,"{'alpha': 1, 'fit_intercept': True, 'solver': 'cholesky'}",-1.96594647887743,-2.218958187434245,-2.4086334982631135,-1.8381477065702403,-2.0027333023024876,-1.8713463988886911,-1.8301443627259955,-1.7449316155736756,-1.7515044417179417,-1.9674110662329707,-1.9599757058586793,0.19988559454833912,28
59,0.4334500789642334,0.040500821363695524,0.009706330299377442,0.02431570568996257,1,True,lsqr,"{'alpha': 1, 'fit_intercept': True, 'solver': 'lsqr'}",-2.7525829310614696,-2.9624528816870956,-2.7662741298584512,-2.5470054057161207,-2.8030049570424507,-2.6863296178407254,-2.503744074856354,-2.420974611722928,-2.5400714220130283,-2.4885670073881787,-2.6471007039186802,0.16398544052965508,78
60,0.7113609552383423,0.11114794389969286,0.019668078422546385,0.036192792417909195,1,True,sparse_cg,"{'alpha': 1, 'fit_intercept': True, 'solver': 'sparse_cg'}",-2.1544637920777143,-2.37526240175493,-2.5722840542034087,-2.005681213172619,-2.174385532611444,-2.136662091762646,-2.005147902312587,-1.9144429144574653,-1.9478709249021766,-2.1177083671661143,-2.1403909194421105,0.19186771556461385,65
61,2.554029655456543,0.3587428425153115,0.009955883026123047,0.0258717712667468,1,True,sag,"{'alpha': 1, 'fit_intercept': True, 'solver': 'sag'}",-1.975001867988825,-2.3006382297210495,-2.462409940079727,-1.8962718186790575,-2.062840969931388,-1.933711719114454,-1.869654387303987,-1.7926490610336079,-1.764282265068632,-1.9917689804887664,-2.00492292394095,0.2095963985436413,36
62,2.271111989021301,0.35587751178285987,0.027739596366882325,0.03874410807459038,1,True,saga,"{'alpha': 1, 'fit_intercept': True, 'solver': 'saga'}",-2.000826034489048,-2.2592586307148177,-2.530506249475923,-1.877625296444695,-2.0357705118222125,-1.916215902192813,-1.8365755191450461,-1.7828188392769613,-1.7423207567312193,-2.0047116411975643,-1.99866293814903,0.22631959823309072,31
63,0.5117865562438965,0.08072580349564269,0.01910090446472168,0.034866170226430286,1,False,auto,"{'alpha': 1, 'fit_intercept': False, 'solver': 'auto'}",-1.9664446884806568,-2.2195842672103474,-2.4121566468947035,-1.8397446169027298,-2.0007559632257084,-1.871589846587951,-1.8300217981738596,-1.7462215243732297,-1.7396605469693833,-1.9719405377133152,-1.9598120436531885,0.20176649557609155,26
64,2.489340877532959,0.21296997655263034,0.011175274848937988,0.026539284769553764,1,False,svd,"{'alpha': 1, 'fit_intercept': False, 'solver': 'svd'}",-1.9664446884806306,-2.2195842672103985,-2.412156646894885,-1.8397446169026923,-2.00075596322556,-1.8715898465879601,-1.8300217981741138,-1.7462215243731323,-1.7396605469687823,-1.9719405377135208,-1.9598120436531676,0.20176649557619838,25
65,0.4908700466156006,0.05111115939416244,0.027811050415039062,0.040219940619605155,1,False,cholesky,"{'alpha': 1, 'fit_intercept': False, 'solver': 'cholesky'}",-1.9664446884806568,-2.2195842672103474,-2.4121566468947035,-1.8397446169027298,-2.0007559632257084,-1.871589846587951,-1.8300217981738596,-1.7462215243732297,-1.7396605469693833,-1.9719405377133152,-1.9598120436531885,0.20176649557609155,26
66,0.3015152454376221,0.0845669533503975,0.009860801696777343,0.024334448855880694,1,False,lsqr,"{'alpha': 1, 'fit_intercept': False, 'solver': 'lsqr'}",-5.181739792228449,-5.041791260466642,-4.792023023588451,-4.760807755111321,-5.065075459632269,-4.7231066727506335,-4.819319360880749,-4.662670651114635,-4.853638473080594,-4.618641854977086,-4.851881430383083,0.17608212630481004,87
67,0.2301262617111206,0.04247711377164471,0.001302957534790039,0.00025446509997557496,1,False,sparse_cg,"{'alpha': 1, 'fit_intercept': False, 'solver': 'sparse_cg'}",-5.181739792228449,-5.041791260466641,-4.792023023588451,-4.760807755111321,-5.065075459632269,-4.7231066727506335,-4.819319360880749,-4.662670651114636,-4.853638473080594,-4.618641854977085,-4.851881430383083,0.17608212630480996,87
68,2.7211158990859987,0.3387752101080216,0.016053199768066406,0.02937404186074908,1,False,sag,"{'alpha': 1, 'fit_intercept': False, 'solver': 'sag'}",-2.0711989527482606,-2.27668507490864,-2.5281562438954728,-1.8994126603496575,-2.036956105558981,-1.968376829205354,-2.1527863902802498,-1.7734189071152657,-1.780053789571757,-2.0295038772723566,-2.0516548830906,0.21686487695684417,55
69,2.6631701707839968,0.2785919267107414,0.010127806663513183,0.02481935869523569,1,False,saga,"{'alpha': 1, 'fit_intercept': False, 'solver': 'saga'}",-2.0082185964150723,-2.2784735726128127,-2.523355249993657,-1.917088286507502,-2.035199227750709,-1.933558609378522,-1.858870235425588,-1.770930877632901,-1.755737223814392,-2.091294730222311,-2.0172726609753466,0.22393066931940317,49
70,0.5526658058166504,0.07815538918236194,0.0018560647964477538,0.0012068109429941747,10,True,auto,"{'alpha': 10, 'fit_intercept': True, 'solver': 'auto'}",-2.0281277186062843,-2.2743646648382008,-2.4583854939229712,-1.8871185648653848,-2.0545012086769323,-1.9285629692065696,-1.8658320871694183,-1.785620439209154,-1.7861236575848527,-1.9837573845034355,-2.00523941885832,0.2041304168026336,38
71,2.7119351387023927,0.08337534580301913,0.01940498352050781,0.035972405681402815,10,True,svd,"{'alpha': 10, 'fit_intercept': True, 'solver': 'svd'}",-2.0281277186062847,-2.2743646648382017,-2.4583854939229766,-1.8871185648653825,-2.0545012086769328,-1.9285629692065689,-1.8658320871694203,-1.7856204392091548,-1.7861236575848538,-1.983757384503437,-2.005239418858321,0.20413041680263472,40
72,0.6826648473739624,0.08359093521574339,0.016909027099609376,0.030921289804087784,10,True,cholesky,"{'alpha': 10, 'fit_intercept': True, 'solver': 'cholesky'}",-2.0281277186062843,-2.2743646648382008,-2.4583854939229712,-1.8871185648653848,-2.0545012086769323,-1.9285629692065696,-1.8658320871694183,-1.785620439209154,-1.7861236575848527,-1.9837573845034355,-2.00523941885832,0.2041304168026336,38
73,0.4232558488845825,0.07192882635905225,0.009606647491455077,0.024460358350916537,10,True,lsqr,"{'alpha': 10, 'fit_intercept': True, 'solver': 'lsqr'}",-2.7561770427744254,-2.96140062990485,-2.763156248474238,-2.547178487370463,-2.8042238285399272,-2.6843639903403917,-2.5072894307134748,-2.4210977828805667,-2.5407947989004103,-2.4867682972636653,-2.647245053716241,0.16365921571689562,83
74,0.5159503221511841,0.09159396532559365,0.027767157554626463,0.0398450896239779,10,True,sparse_cg,"{'alpha': 10, 'fit_intercept': True, 'solver': 'sparse_cg'}",-2.2392301020961782,-2.4407480368354584,-2.5369962196589504,-2.0667925332961876,-2.2317656215934822,-2.1401597993419847,-2.015149712053775,-1.9877428719113726,-2.040551870915014,-2.140496886752445,-2.183963365445485,0.17349769767504805,66
75,2.1926825523376463,0.3777389503903757,0.036267876625061035,0.04236124378458845,10,True,sag,"{'alpha': 10, 'fit_intercept': True, 'solver': 'sag'}",-2.0314649515354386,-2.2937266761303734,-2.495976796109408,-1.8894555867685285,-2.0693488017863295,-1.9404707336838518,-1.8780577590013943,-1.7794357723933965,-1.80510417986908,-2.0100961057576896,-2.019313736303549,0.21253377131037565,50
76,1.9699961185455321,0.17795561332827156,0.0103959321975708,0.02604096317614468,10,True,saga,"{'alpha': 10, 'fit_intercept': True, 'solver': 'saga'}",-2.0369807646387414,-2.299772063624257,-2.530946463482706,-1.9177347130473794,-2.076249786468847,-1.9574488187292445,-1.8857992798730778,-1.8126642890800824,-1.7904529738642179,-2.0082037703012827,-2.031625292310984,0.21671164355069064,52
77,0.5008289813995361,0.061660813569149195,0.018948960304260253,0.03486494453317773,10,False,auto,"{'alpha': 10, 'fit_intercept': False, 'solver': 'auto'}",-2.028352248971597,-2.27369680075332,-2.465460750636765,-1.8887220133977363,-2.0507763327859445,-1.927697336535269,-1.8667509092868921,-1.7862650915960858,-1.7759382301585267,-1.9898940381115386,-2.0053553752233677,0.20640085720361745,41
78,2.3509748935699464,0.15589871968906388,0.028764629364013673,0.04029710385884556,10,False,svd,"{'alpha': 10, 'fit_intercept': False, 'solver': 'svd'}",-2.028352248971615,-2.2736968007533482,-2.465460750636915,-1.8887220133977487,-2.0507763327859077,-1.9276973365352388,-1.8667509092869754,-1.7862650915960445,-1.77593823015848,-1.9898940381116663,-2.005355375223394,0.2064008572036574,43
79,0.5084966897964478,0.05044651226387026,0.010549640655517578,0.02692079717574041,10,False,cholesky,"{'alpha': 10, 'fit_intercept': False, 'solver': 'cholesky'}",-2.028352248971597,-2.27369680075332,-2.465460750636765,-1.8887220133977363,-2.0507763327859445,-1.927697336535269,-1.8667509092868921,-1.7862650915960858,-1.7759382301585267,-1.9898940381115386,-2.0053553752233677,0.20640085720361745,41
80,0.29314658641815183,0.06569944604765884,0.02649075984954834,0.038350522525085425,10,False,lsqr,"{'alpha': 10, 'fit_intercept': False, 'solver': 'lsqr'}",-5.1817634420593315,-5.041825467582348,-4.7919538542154685,-4.760793549893405,-5.0650587052375915,-4.7230914612203465,-4.819321000171375,-4.662688807065513,-4.853663562568143,-4.618654304875946,-4.851881415488947,0.17608881291117975,85
81,0.23359897136688232,0.042124097109947224,0.009530210494995117,0.02441546988928967,10,False,sparse_cg,"{'alpha': 10, 'fit_intercept': False, 'solver': 'sparse_cg'}",-5.181763442059331,-5.041825467582348,-4.791953854215468,-4.760793549893405,-5.0650587052375915,-4.7230914612203465,-4.819321000171375,-4.662688807065513,-4.853663562568142,-4.618654304875945,-4.851881415488947,0.17608881291117973,85
82,2.476046085357666,0.4026143038908309,0.011029839515686035,0.027114002341673993,10,False,sag,"{'alpha': 10, 'fit_intercept': False, 'solver': 'sag'}",-2.068567324169838,-2.31467461249086,-2.5189831499904547,-1.9304431119142087,-2.05241086332068,-1.93107601830219,-1.89200577970551,-1.8662618290515325,-1.7934183306472162,-2.0337927804202693,-2.0401633800012764,0.21038923246375524,54
83,2.1190436124801635,0.2543349732013142,0.0282573938369751,0.04026281766872928,10,False,saga,"{'alpha': 10, 'fit_intercept': False, 'solver': 'saga'}",-2.1170232881964957,-2.303058924004357,-2.517266712530151,-1.9242254959700182,-2.1622493041692294,-1.9673206563481496,-1.9061579835429547,-1.8178188998044853,-1.7901799559675224,-2.0287261197510555,-2.053402734028442,0.2155379231352208,56
84,0.5715344667434692,0.07558270952149553,0.027188205718994142,0.03926524483771792,100,True,auto,"{'alpha': 100, 'fit_intercept': True, 'solver': 'auto'}",-2.3817514252706653,-2.543305666818685,-2.482712078753581,-2.1447420008586238,-2.390786399641811,-2.2230144893030404,-2.1617940440166894,-2.0624808547114095,-2.125272426151512,-2.143973688031882,-2.26598330735579,0.16011166235775293,69
85,2.868606948852539,0.24929669228519,0.002175784111022949,0.0006155298815915143,100,True,svd,"{'alpha': 100, 'fit_intercept': True, 'solver': 'svd'}",-2.3817514252706657,-2.543305666818685,-2.482712078753582,-2.1447420008586224,-2.3907863996418115,-2.2230144893030404,-2.1617940440166903,-2.062480854711409,-2.125272426151512,-2.143973688031882,-2.26598330735579,0.1601116623577533,69
86,0.6317209005355835,0.08906601769175725,0.010347771644592284,0.02627434948287125,100,True,cholesky,"{'alpha': 100, 'fit_intercept': True, 'solver': 'cholesky'}",-2.3817514252706653,-2.543305666818685,-2.482712078753581,-2.1447420008586238,-2.390786399641811,-2.2230144893030404,-2.1617940440166894,-2.0624808547114095,-2.125272426151512,-2.143973688031882,-2.26598330735579,0.16011166235775293,69
87,0.44904322624206544,0.062867730949397,0.019202756881713866,0.035059414111878566,100,True,lsqr,"{'alpha': 100, 'fit_intercept': True, 'solver': 'lsqr'}",-2.806885703148516,-2.9715441776328295,-2.7574921735399496,-2.5677387099186735,-2.8342410112493517,-2.687175217326451,-2.555552329975232,-2.44240610693809,-2.5682880460631177,-2.4935245351449895,-2.6684848010937197,0.16168244767517417,84
88,0.688911247253418,0.12756272498607857,0.010297870635986328,0.026258544727801765,100,True,sparse_cg,"{'alpha': 100, 'fit_intercept': True, 'solver': 'sparse_cg'}",-2.426720146127689,-2.578369795402415,-2.5055064425560327,-2.1907812752422324,-2.4321115993512743,-2.272591635545688,-2.1921031133215165,-2.115681325487944,-2.190285142221211,-2.1911196309495167,-2.3095270106205517,0.15313843956339152,77
89,1.8482483625411987,0.2497080495762696,0.019428730010986328,0.03549638962276685,100,True,sag,"{'alpha': 100, 'fit_intercept': True, 'solver': 'sag'}",-2.386295930264875,-2.539956738603351,-2.4968978457631836,-2.162697678310201,-2.4036828532602263,-2.2311672728299574,-2.181616554430946,-2.064678244197164,-2.1332046703518563,-2.155583938035421,-2.275578172604718,0.1581892489805635,75
90,2.0911829233169557,0.09280977890665248,0.0017086982727050782,0.0007596383412171286,100,True,saga,"{'alpha': 100, 'fit_intercept': True, 'solver': 'saga'}",-2.3594273161634036,-2.524628566090866,-2.4871552174596765,-2.117714811610635,-2.3690577561415203,-2.210257158088626,-2.1530936196649306,-2.0506476433278933,-2.1041426966675467,-2.1403483714938742,-2.2516473156708976,0.1610261788010527,68
91,0.5710105895996094,0.07421193375494438,0.03668854236602783,0.043037885949306666,100,False,auto,"{'alpha': 100, 'fit_intercept': False, 'solver': 'auto'}",-2.385937357066411,-2.537203431401444,-2.4880725554806835,-2.1542142620531637,-2.3895892371457745,-2.2247097231683814,-2.1713207405667805,-2.066957686203568,-2.118288064776288,-2.1469733029663947,-2.2683266360828886,0.15850607916955162,72
92,2.379403853416443,0.22185803267818408,0.010659527778625489,0.02617793604655372,100,False,svd,"{'alpha': 100, 'fit_intercept': False, 'solver': 'svd'}",-2.3859373570664313,-2.537203431401445,-2.488072555480705,-2.1542142620531664,-2.3895892371457665,-2.224709723168384,-2.1713207405668036,-2.0669576862035575,-2.118288064776285,-2.1469733029664164,-2.2683266360828958,0.15850607916955392,74
93,0.5286869287490845,0.08229384236191742,0.01850130558013916,0.03384419119286757,100,False,cholesky,"{'alpha': 100, 'fit_intercept': False, 'solver': 'cholesky'}",-2.385937357066411,-2.537203431401444,-2.4880725554806835,-2.1542142620531637,-2.3895892371457745,-2.2247097231683814,-2.1713207405667805,-2.066957686203568,-2.118288064776288,-2.1469733029663947,-2.2683266360828886,0.15850607916955162,72
94,0.2398862361907959,0.04437419344735158,0.02713608741760254,0.03940698004562185,100,False,lsqr,"{'alpha': 100, 'fit_intercept': False, 'solver': 'lsqr'}",-5.182004177553349,-5.042171694145754,-4.79126712787114,-4.760655999524884,-5.064895652715735,-4.722943895781376,-4.8193418114658,-4.662874680745648,-4.853918658744311,-4.618783096510296,-4.85188567950583,0.1761558667522711,98
95,0.29262969493865965,0.06497581420855246,0.026458430290222167,0.038311036785884656,100,False,sparse_cg,"{'alpha': 100, 'fit_intercept': False, 'solver': 'sparse_cg'}",-5.182004177553349,-5.042171694145753,-4.79126712787114,-4.760655999524884,-5.064895652715735,-4.722943895781375,-4.819341811465799,-4.662874680745647,-4.853918658744309,-4.618783096510296,-4.851885679505829,0.17615586675227118,97
96,1.1280075550079345,0.1318059038328412,0.009638094902038574,0.02445036085618403,100,False,sag,"{'alpha': 100, 'fit_intercept': False, 'solver': 'sag'}",-2.3925415019508396,-2.536282646679131,-2.47727810473709,-2.175085097923376,-2.4014276623945676,-2.238321235516836,-2.220300722111244,-2.09310925156278,-2.1254697215093876,-2.1505004079440693,-2.2810316352329316,0.1496279495189428,76
97,0.8481920003890991,0.17321389565208095,0.001260828971862793,0.0004584410003798788,100,False,saga,"{'alpha': 100, 'fit_intercept': False, 'solver': 'saga'}",-2.360738947213244,-2.579463624241746,-2.4892742849444467,-2.1472973274173146,-2.3718722098017126,-2.169730266984832,-2.108299645243778,-2.0422037174159033,-2.0854075030796957,-2.152210403730236,-2.250649793007291,0.17601506769175612,67
