,mean_fit_time,std_fit_time,mean_score_time,std_score_time,param_alpha,param_fit_intercept,param_solver,params,split0_test_score,split1_test_score,split2_test_score,split3_test_score,split4_test_score,split5_test_score,split6_test_score,split7_test_score,split8_test_score,split9_test_score,mean_test_score,std_test_score,rank_test_score
0,2.3799688816070557,0.4747914204911651,0.0026508331298828124,0.0035499297537711404,0.0001,True,auto,"{'alpha': 0.0001, 'fit_intercept': True, 'solver': 'auto'}",-2.3936672888901076,-2.0249405915278964,-2.371770626864683,-1.6773403088103176,-1.8647717275756541,-1.9929879040868235,-1.8219668932274629,-1.581391635997126,-1.886062343146796,-1.6831133577591066,-1.9298012677885974,0.262164749933523,28
1,4.589053153991699,0.3960166506819187,0.019147109985351563,0.035041136460713294,0.0001,True,svd,"{'alpha': 0.0001, 'fit_intercept': True, 'solver': 'svd'}",-2.3936672888986865,-2.0249405915270398,-2.3717706268654495,-1.6773403088105032,-1.8647717275754905,-1.9929879040855774,-1.82196689322721,-1.5813916360010039,-1.8860623431471606,-1.6831133577591415,-1.9298012677897263,0.26216474993458094,30
2,2.9727168560028074,0.7783887804567886,0.027481651306152342,0.039468526731358027,0.0001,True,cholesky,"{'alpha': 0.0001, 'fit_intercept': True, 'solver': 'cholesky'}",-2.3936672888901076,-2.0249405915278964,-2.371770626864683,-1.6773403088103176,-1.8647717275756541,-1.9929879040868235,-1.8219668932274629,-1.581391635997126,-1.886062343146796,-1.6831133577591066,-1.9298012677885974,0.262164749933523,28
3,2.1886862754821776,1.2169959202890182,0.0016218900680541992,0.0002049308045411348,0.0001,True,lsqr,"{'alpha': 0.0001, 'fit_intercept': True, 'solver': 'lsqr'}",-2.480356745757175,-2.5699184194945466,-2.8667940195690225,-2.5695757648055073,-2.6930772707598205,-2.8835686094701987,-2.638532568322371,-2.3832462325579806,-2.6292689021920754,-2.579858520251427,-2.629419705318013,0.14746956943697767,82
4,0.8100453853607178,0.8686950430759564,0.0014659404754638673,0.0002329424971077853,0.0001,True,sparse_cg,"{'alpha': 0.0001, 'fit_intercept': True, 'solver': 'sparse_cg'}",-2.3381202558400536,-2.166580366724826,-2.287224598437542,-2.063896074187617,-2.1850540707142714,-2.256764712455145,-2.160213709144151,-1.932209894360235,-2.211735069432397,-2.052085959184164,-2.1653884710480407,0.11537039703398028,64
5,2.8399578094482423,0.28040384252161543,0.029624152183532714,0.060002244980165695,0.0001,True,sag,"{'alpha': 0.0001, 'fit_intercept': True, 'solver': 'sag'}",-1.924496814279997,-2.0297547678296635,-2.167990362466693,-1.8609795907210092,-1.9823237206235433,-2.0503275488325454,-2.045229309648356,-1.7131223102306607,-2.0204276031851562,-1.8538308449970575,-1.9648482872814683,0.12278013091649029,31
6,2.375798988342285,0.5830951047574915,0.11045873165130615,0.2694075658226246,0.0001,True,saga,"{'alpha': 0.0001, 'fit_intercept': True, 'solver': 'saga'}",-2.0595146765357777,-2.054434626200008,-2.1860474105989938,-1.8755306282869082,-1.9931374283543113,-2.0458934401651145,-2.0670167671067308,-1.7317953917606212,-2.0260010327433227,-1.915353179267474,-1.9954724581019263,0.1195097494095977,47
7,0.5058194398880005,0.08086076835996249,0.010139870643615722,0.025902767859454605,0.0001,False,auto,"{'alpha': 0.0001, 'fit_intercept': False, 'solver': 'auto'}",-2.3943884439124843,-2.024420885739406,-2.3706705782516164,-1.6773813366144912,-1.8648140699898526,-1.9924679205938163,-1.822032972038548,-1.581096368929934,-1.885957904257166,-1.6830534921025084,-1.9296283972429822,0.2621147936839836,25
8,2.290528917312622,0.15342299253288577,0.018660736083984376,0.03440052018212342,0.0001,False,svd,"{'alpha': 0.0001, 'fit_intercept': False, 'solver': 'svd'}",-2.394388443828363,-2.0244208857786052,-2.370670578263157,-1.6773813366236485,-1.8648140699972162,-1.9924679206071914,-1.8220329720339288,-1.581096369626075,-1.8859579042599532,-1.6830534921064217,-1.929628397312456,0.26211479357889444,27
9,0.511165976524353,0.09113703266191993,0.018680214881896973,0.034053632002838126,0.0001,False,cholesky,"{'alpha': 0.0001, 'fit_intercept': False, 'solver': 'cholesky'}",-2.3943884439124843,-2.024420885739406,-2.3706705782516164,-1.6773813366144912,-1.8648140699898526,-1.9924679205938163,-1.822032972038548,-1.581096368929934,-1.885957904257166,-1.6830534921025084,-1.9296283972429822,0.2621147936839836,25
10,0.3502965450286865,0.04684302796524437,0.018558454513549805,0.034018873282055447,0.0001,False,lsqr,"{'alpha': 0.0001, 'fit_intercept': False, 'solver': 'lsqr'}",-4.604406728508466,-4.556127488928209,-5.35444260845584,-4.737227003853692,-4.6833696423046005,-4.96060357363054,-5.276994196227782,-4.535156247941424,-4.787036614350423,-4.865600057819789,-4.836096416202077,0.27158448287620474,96
11,0.28299901485443113,0.05425106375340613,0.025765228271484374,0.037368815723964804,0.0001,False,sparse_cg,"{'alpha': 0.0001, 'fit_intercept': False, 'solver': 'sparse_cg'}",-4.604406728508462,-4.556127488928209,-5.35444260845584,-4.737227003853691,-4.683369642304601,-4.96060357363054,-5.276994196227784,-4.5351562479414245,-4.787036614350421,-4.865600057819789,-4.836096416202076,0.2715844828762054,95
12,2.8087571382522585,0.2908433136409525,0.028714823722839355,0.04116599804876494,0.0001,False,sag,"{'alpha': 0.0001, 'fit_intercept': False, 'solver': 'sag'}",-1.9648191848534726,-2.0423579912250585,-2.2799307946313134,-1.9121713619025613,-1.9735937052687542,-2.025725556839477,-2.048887288047222,-1.7279870024314428,-2.0233913145922564,-1.8638315311944869,-1.9862695730986046,0.1356653612198746,43
13,2.453834629058838,0.22038434539456553,0.019139742851257323,0.03507857375750776,0.0001,False,saga,"{'alpha': 0.0001, 'fit_intercept': False, 'solver': 'saga'}",-2.181129886286809,-2.0372571924325085,-2.197895238884345,-1.8775870826370022,-1.9971853622979203,-2.071026867909012,-2.0789323579928087,-1.7395491609201237,-2.0234556735285345,-1.916315638292414,-2.012033446118148,0.13174463162915287,53
14,0.590753722190857,0.09153629935855319,0.01029033660888672,0.026208800092462507,0.001,True,auto,"{'alpha': 0.001, 'fit_intercept': True, 'solver': 'auto'}",-2.275370217397346,-1.9922434598139185,-2.326154429115935,-1.6713438203604987,-1.8597126434772189,-1.98261334616598,-1.83165500157209,-1.58889830549878,-1.891906961724259,-1.6921712660971375,-1.9112069451223164,0.23134575095217583,22
15,2.8908812046051025,0.18699276942737467,0.03752586841583252,0.0432272298153124,0.001,True,svd,"{'alpha': 0.001, 'fit_intercept': True, 'solver': 'svd'}",-2.2753702173985255,-1.9922434598139191,-2.3261544291165843,-1.6713438203604971,-1.859712643477224,-1.9826133461654636,-1.8316550015720698,-1.5888983054989894,-1.891906961724356,-1.6921712660971513,-1.911206945122478,0.2313457509524315,24
16,0.6079459428787232,0.08059439221863968,0.0015492439270019531,0.00016138032147366432,0.001,True,cholesky,"{'alpha': 0.001, 'fit_intercept': True, 'solver': 'cholesky'}",-2.275370217397346,-1.9922434598139185,-2.326154429115935,-1.6713438203604987,-1.8597126434772189,-1.98261334616598,-1.83165500157209,-1.58889830549878,-1.891906961724259,-1.6921712660971375,-1.9112069451223164,0.23134575095217583,22
17,0.45873208045959474,0.06628586581398126,0.010316562652587891,0.02618440732149145,0.001,True,lsqr,"{'alpha': 0.001, 'fit_intercept': True, 'solver': 'lsqr'}",-2.480356270871273,-2.569918183146359,-2.866794138436284,-2.5695758628667855,-2.693077180278574,-2.8835685824989685,-2.6385327075505907,-2.3832464187107703,-2.629268889216685,-2.5798586865076665,-2.6294196920083954,0.14746959777451107,81
18,0.7215623140335083,0.07436189565295627,0.010248303413391113,0.02599717368454194,0.001,True,sparse_cg,"{'alpha': 0.001, 'fit_intercept': True, 'solver': 'sparse_cg'}",-2.338116241275621,-2.1665792411986957,-2.2872252030970777,-2.0638966536086887,-2.185054495381917,-2.256765552612503,-2.160212839330684,-1.9322103072678987,-2.2117345505265917,-2.052086652546834,-2.1653881736846516,0.11536971299201314,63
19,2.8398015022277834,0.30355735080242036,0.011145353317260742,0.02657972940330069,0.001,True,sag,"{'alpha': 0.001, 'fit_intercept': True, 'solver': 'sag'}",-1.9700263924138637,-2.014684299573524,-2.171517077234912,-1.875811593971837,-1.9724446346090694,-2.00038110718544,-2.0583122484300116,-1.6865076801408596,-2.0180624140852124,-1.883704788917513,-1.9651452236562243,0.12251301265433742,32
20,2.6733752250671388,0.10835879397350916,0.038544750213623045,0.04227687778920607,0.001,True,saga,"{'alpha': 0.001, 'fit_intercept': True, 'solver': 'saga'}",-2.0812365668084167,-2.027921814222669,-2.1832141876913966,-1.87057042914507,-1.981552797813944,-2.0554088700420903,-2.0625623012218797,-1.729274016616925,-2.0239095778209246,-1.9158718275601383,-1.9931522388943457,0.1206216401099748,46
21,0.5189841508865356,0.07412530545441597,0.0190173864364624,0.03498565836855235,0.001,False,auto,"{'alpha': 0.001, 'fit_intercept': False, 'solver': 'auto'}",-2.2700886739455735,-1.979189502742992,-2.3262897488449457,-1.6726298302721436,-1.8595264336264545,-1.9820121652904774,-1.8324663536227512,-1.586794369842587,-1.8930730907063302,-1.691668510995692,-1.9093738679889944,0.2302717330325492,19
22,2.220627760887146,0.21531005520231064,0.019067764282226562,0.032231834200544776,0.001,False,svd,"{'alpha': 0.001, 'fit_intercept': False, 'solver': 'svd'}",-2.270088673967541,-1.979189502788213,-2.3262897488386973,-1.672629830269622,-1.8595264336274377,-1.9820121652879608,-1.8324663536200327,-1.5867943699052387,-1.8930730907060658,-1.6916685109965495,-1.909373868000736,0.23027173302762363,21
23,0.448629093170166,0.1567717410339159,0.018289709091186525,0.03354730334096649,0.001,False,cholesky,"{'alpha': 0.001, 'fit_intercept': False, 'solver': 'cholesky'}",-2.2700886739455735,-1.979189502742992,-2.3262897488449457,-1.6726298302721436,-1.8595264336264545,-1.9820121652904774,-1.8324663536227512,-1.586794369842587,-1.8930730907063302,-1.691668510995692,-1.9093738679889944,0.2302717330325492,19
24,0.2204894781112671,0.03530204729179072,0.009447741508483886,0.024272818405599816,0.001,False,lsqr,"{'alpha': 0.001, 'fit_intercept': False, 'solver': 'lsqr'}",-4.6044067239843525,-4.556127492217776,-5.35444260916434,-4.737226999815744,-4.68336963964732,-4.960603571445734,-5.276994206630615,-4.535156248811326,-4.787036610895914,-4.865600059268046,-4.836096416188117,0.2715844849251104,94
25,0.2029160737991333,0.05326795058240221,0.0014752864837646485,0.00027620974623663826,0.001,False,sparse_cg,"{'alpha': 0.001, 'fit_intercept': False, 'solver': 'sparse_cg'}",-4.60440672398435,-4.556127492217778,-5.35444260916434,-4.737226999815742,-4.683369639647319,-4.960603571445734,-5.276994206630619,-4.535156248811326,-4.787036610895912,-4.865600059268045,-4.836096416188116,0.2715844849251111,93
26,2.6370468378067016,0.4860675203460087,0.033406615257263184,0.04811869897051472,0.001,False,sag,"{'alpha': 0.001, 'fit_intercept': False, 'solver': 'sag'}",-1.9749919311317392,-2.0391454112326626,-2.2186825363191627,-1.8597534044449495,-1.9633150394989594,-2.0197899952420832,-2.104315566131012,-1.7547057388604572,-2.066087383708991,-1.8766316776455862,-1.9877418684215602,0.12669729099583332,44
27,2.638533115386963,0.5876131184740448,0.010848283767700195,0.026499233958981006,0.001,False,saga,"{'alpha': 0.001, 'fit_intercept': False, 'solver': 'saga'}",-2.106157823483498,-2.0250152022097936,-2.208680653636829,-1.8814289629982732,-2.001103905407,-2.0422594309225777,-2.0755157411255984,-1.7321059934814336,-2.042027660387723,-1.9099218371746576,-2.0024217210827384,0.1259287918497212,51
28,0.6102782964706421,0.06715607462286498,0.0014643907546997071,0.00029758469647523007,0.01,True,auto,"{'alpha': 0.01, 'fit_intercept': True, 'solver': 'auto'}",-1.8482618482541506,-1.9272249514027409,-2.2499504551387384,-1.6779112877981155,-1.8595217481801707,-1.9369049372388543,-1.8840819525096617,-1.5993536420763987,-1.9066877661183148,-1.7263310975457424,-1.8616229686262886,0.16861983276608225,4
29,3.0398589372634888,0.1772314382474777,0.010695886611938477,0.0260841929075839,0.01,True,svd,"{'alpha': 0.01, 'fit_intercept': True, 'solver': 'svd'}",-1.848261848254303,-1.927224951402713,-2.2499504551389027,-1.6779112877981264,-1.8595217481801596,-1.9369049372387952,-1.8840819525096517,-1.5993536420763905,-1.9066877661183577,-1.7263310975457555,-1.8616229686263153,0.16861983276611522,6
30,0.700584077835083,0.12370013104263569,0.011096358299255371,0.028344924149887173,0.01,True,cholesky,"{'alpha': 0.01, 'fit_intercept': True, 'solver': 'cholesky'}",-1.8482618482541506,-1.9272249514027409,-2.2499504551387384,-1.6779112877981155,-1.8595217481801707,-1.9369049372388543,-1.8840819525096617,-1.5993536420763987,-1.9066877661183148,-1.7263310975457424,-1.8616229686262886,0.16861983276608225,4
31,0.4872150897979736,0.09229460579066161,0.019165635108947754,0.03491180853440958,0.01,True,lsqr,"{'alpha': 0.01, 'fit_intercept': True, 'solver': 'lsqr'}",-2.4803515223643178,-2.5699158199428234,-2.8667953273342306,-2.569576843681449,-2.693076275706743,-2.8835683130290954,-2.6385341000951517,-2.383248280432184,-2.6292687596953357,-2.579860349282819,-2.629419559156415,0.14746988115981496,80
32,0.615319013595581,0.12301243759940682,0.018402695655822754,0.03370852817511247,0.01,True,sparse_cg,"{'alpha': 0.01, 'fit_intercept': True, 'solver': 'sparse_cg'}",-2.338076102078804,-2.166567990026525,-2.2872312541664805,-2.0639024503176118,-2.1850587445658296,-2.2567739570351706,-2.1602041478553606,-1.932214439005804,-2.2117293649179803,-2.0520935901485315,-2.16538520401181,0.11536287396251636,62
33,2.3389446258544924,0.5013072718400629,0.011208415031433105,0.02748736755641427,0.01,True,sag,"{'alpha': 0.01, 'fit_intercept': True, 'solver': 'sag'}",-1.8957971636517776,-2.110152666260336,-2.204827572001264,-1.8432464749911932,-1.9587850312216015,-2.0067614517623764,-2.0537110109801406,-1.738392737128644,-2.0112838888568705,-1.8645530801652195,-1.9687511077019422,0.13087922980851216,35
34,2.2498804330825806,0.2572605632333985,0.029453277587890625,0.04101131167283654,0.01,True,saga,"{'alpha': 0.01, 'fit_intercept': True, 'solver': 'saga'}",-2.0738687514073124,-2.0419757992171648,-2.194987136902012,-1.8771375121218403,-1.989768097450396,-2.0493042098221643,-2.067536753647058,-1.726143893289861,-2.0263635528056017,-1.9084428680581491,-1.995552857472156,0.12300718938751619,48
35,0.4729540109634399,0.09811382687761457,0.0017370462417602539,0.001035797947408394,0.01,False,auto,"{'alpha': 0.01, 'fit_intercept': False, 'solver': 'auto'}",-1.8306518218812893,-1.9073112535759156,-2.2529489695873366,-1.682456014698377,-1.85940554339826,-1.941286064661879,-1.8870783690852866,-1.596683302738236,-1.9122523210788842,-1.7256941742693788,-1.8595767834974843,0.1692553388427108,1
36,2.6091431617736816,0.13340493554044747,0.02944035530090332,0.04110127369389723,0.01,False,svd,"{'alpha': 0.01, 'fit_intercept': False, 'solver': 'svd'}",-1.830651821883217,-1.9073112535799457,-2.2529489695882003,-1.6824560146976728,-1.8594055433987262,-1.9412860646611194,-1.8870783690823618,-1.5966833027448235,-1.9122523210779594,-1.7256941742684417,-1.8595767834982468,0.16925533884200383,3
37,0.5403438806533813,0.08696496587585194,0.01838529109954834,0.03364610831603643,0.01,False,cholesky,"{'alpha': 0.01, 'fit_intercept': False, 'solver': 'cholesky'}",-1.8306518218812893,-1.9073112535759156,-2.2529489695873366,-1.682456014698377,-1.85940554339826,-1.941286064661879,-1.8870783690852866,-1.596683302738236,-1.9122523210788842,-1.7256941742693788,-1.8595767834974843,0.1692553388427108,1
38,0.2717005252838135,0.05935830698107341,0.017836952209472658,0.032579627439336505,0.01,False,lsqr,"{'alpha': 0.01, 'fit_intercept': False, 'solver': 'lsqr'}",-4.604406678743277,-4.556127525113501,-5.354442616249389,-4.737226959436307,-4.683369613074555,-4.960603549597719,-5.276994310658994,-4.535156257510393,-4.787036576350882,-4.8656000737506675,-4.836096416048569,0.27158450541416795,92
39,0.27846851348876955,0.07762237520482508,0.01786673069000244,0.0327086058644368,0.01,False,sparse_cg,"{'alpha': 0.01, 'fit_intercept': False, 'solver': 'sparse_cg'}",-4.604406678743274,-4.556127525113501,-5.354442616249389,-4.737226959436304,-4.683369613074555,-4.960603549597717,-5.276994310658997,-4.535156257510393,-4.78703657635088,-4.8656000737506675,-4.8360964160485675,0.2715845054141688,91
40,2.778694748878479,0.2941704466297218,0.010957956314086914,0.02661080165958857,0.01,False,sag,"{'alpha': 0.01, 'fit_intercept': False, 'solver': 'sag'}",-2.120382391413542,-2.112607493677967,-2.1984322932303924,-1.863750173123819,-1.9889491868838347,-2.013156565238296,-2.1577217640705886,-1.7471252263243457,-2.080982730174439,-1.9117342247441902,-2.0194842048881414,0.13593435440850568,56
41,2.5400171756744383,0.1854479680165306,0.0196810245513916,0.035541440723245415,0.01,False,saga,"{'alpha': 0.01, 'fit_intercept': False, 'solver': 'saga'}",-2.193046739009048,-2.031758305609258,-2.2004944086981233,-1.8795582572501222,-1.9960387679200862,-2.165459729445247,-2.0805535379285995,-1.7341502245588711,-2.037315911003529,-1.910114978250877,-2.0228490859673762,0.14205225474769936,57
42,0.5887754917144775,0.0521438140196139,0.01891016960144043,0.03493851966084096,0.1,True,auto,"{'alpha': 0.1, 'fit_intercept': True, 'solver': 'auto'}",-1.6512937064414348,-1.9322048818904938,-2.1538628074886854,-1.727547203868519,-1.8912321319999228,-1.9322568584422637,-1.996875854526794,-1.6365104270625292,-1.9479858774566836,-1.8026496924600153,-1.8672419441637342,0.15429068605959986,7
43,2.4426575660705567,0.18142599565086262,0.019360566139221193,0.03536392443419884,0.1,True,svd,"{'alpha': 0.1, 'fit_intercept': True, 'solver': 'svd'}",-1.6512937064414441,-1.9322048818904725,-2.1538628074887045,-1.7275472038685247,-1.8912321319999212,-1.9322568584422637,-1.9968758545267993,-1.6365104270625206,-1.947985877456696,-1.8026496924600264,-1.8672419441637373,0.15429068605960258,9
44,0.6416949033737183,0.14171004203709142,0.01787240505218506,0.03244929812558646,0.1,True,cholesky,"{'alpha': 0.1, 'fit_intercept': True, 'solver': 'cholesky'}",-1.6512937064414348,-1.9322048818904938,-2.1538628074886854,-1.727547203868519,-1.8912321319999228,-1.9322568584422637,-1.996875854526794,-1.6365104270625292,-1.9479858774566836,-1.8026496924600153,-1.8672419441637342,0.15429068605959986,7
45,0.37459027767181396,0.07649620186639644,0.018253517150878907,0.03386384241112524,0.1,True,lsqr,"{'alpha': 0.1, 'fit_intercept': True, 'solver': 'lsqr'}",-2.4803040724922423,-2.5698922157345443,-2.866807238840794,-2.5695866720105274,-2.693067254045543,-2.883565642566853,-2.6385480517696984,-2.383266916992262,-2.6292674877305156,-2.5798769983046044,-2.629418255048759,0.1474727160094098,79
46,0.41198482513427737,0.04806706579327931,0.018139219284057616,0.03373510422317887,0.1,True,sparse_cg,"{'alpha': 0.1, 'fit_intercept': True, 'solver': 'sparse_cg'}",-2.337675354211038,-2.166455886733951,-2.287292211489887,-2.0639606669175476,-2.185101486835767,-2.256858285785927,-2.1601178978299886,-1.932256022185043,-2.2116778533936543,-2.0521633629783658,-2.165355902836117,0.11529462256917819,61
47,2.6405400037765503,0.3483828442965816,0.019210076332092284,0.034741605057209454,0.1,True,sag,"{'alpha': 0.1, 'fit_intercept': True, 'solver': 'sag'}",-1.9476951886000684,-2.0309274439680376,-2.163564293754324,-1.857641865140368,-1.974212663860157,-2.0110421437574577,-2.0598126707108775,-1.7210359825522108,-2.025569530898866,-1.8688464981034738,-1.966034828134584,0.11798962838394235,33
48,2.5210147380828856,0.3829863405185999,0.018174409866333008,0.033848762422362594,0.1,True,saga,"{'alpha': 0.1, 'fit_intercept': True, 'solver': 'saga'}",-2.0786293105664284,-2.037497658536156,-2.1798386104231278,-1.8667065177374327,-1.9873645886918068,-2.0465876110658354,-2.056943553557433,-1.7285228967925181,-2.036043927829592,-1.9117017632718212,-1.992983643847215,0.12065389213611585,45
49,0.5015634059906006,0.04276076302818999,0.010169005393981934,0.026184515282715586,0.1,False,auto,"{'alpha': 0.1, 'fit_intercept': False, 'solver': 'auto'}",-1.6549622771309007,-1.9254193064276324,-2.1555139260561775,-1.729673013521192,-1.8916222329999157,-1.9347001679876508,-1.9982358351886462,-1.6353747535348944,-1.9510472822984626,-1.8019082192365128,-1.8678457014381984,0.15421679475444078,11
50,2.552445149421692,0.13414341549909392,0.00997462272644043,0.024705851661538474,0.1,False,svd,"{'alpha': 0.1, 'fit_intercept': False, 'solver': 'svd'}",-1.6549622771308627,-1.9254193064273084,-2.1555139260574734,-1.7296730135210268,-1.8916222330000345,-1.934700167987726,-1.9982358351857077,-1.6353747535351808,-1.9510472822986482,-1.8019082192369253,-1.8678457014380894,0.15421679475439629,10
51,0.5790406703948975,0.03802097119182511,0.001495671272277832,0.0002283930041183981,0.1,False,cholesky,"{'alpha': 0.1, 'fit_intercept': False, 'solver': 'cholesky'}",-1.6549622771309007,-1.9254193064276324,-2.1555139260561775,-1.729673013521192,-1.8916222329999157,-1.9347001679876508,-1.9982358351886462,-1.6353747535348944,-1.9510472822984626,-1.8019082192365128,-1.8678457014381984,0.15421679475444078,11
52,0.29832355976104735,0.04047387092331667,0.0015285968780517577,0.00026109591212229396,0.1,False,lsqr,"{'alpha': 0.1, 'fit_intercept': False, 'solver': 'lsqr'}",-4.604406226337907,-4.556127854075523,-5.3544426871048065,-4.737226555647262,-4.68336934735213,-4.9606033311227735,-5.276995350946937,-4.535156344506008,-4.787036230905824,-4.865600218581794,-4.836096414658098,0.27158471030485437,90
53,0.23948004245758056,0.04321739837281321,0.008874630928039551,0.022517239480550826,0.1,False,sparse_cg,"{'alpha': 0.1, 'fit_intercept': False, 'solver': 'sparse_cg'}",-4.604406226337904,-4.556127854075523,-5.3544426871048065,-4.7372265556472595,-4.68336934735213,-4.9606033311227735,-5.27699535094694,-4.535156344506008,-4.787036230905823,-4.865600218581793,-4.836096414658096,0.2715847103048553,89
54,2.799883222579956,0.253748717881241,0.019293737411499024,0.03474055532416953,0.1,False,sag,"{'alpha': 0.1, 'fit_intercept': False, 'solver': 'sag'}",-2.0644848157026625,-2.0500704186532683,-2.157469371354185,-1.8478523924289512,-1.9772625049831953,-2.118960454625909,-2.084747864377038,-1.7403371114541022,-2.301567458960027,-1.9166927842512986,-2.025944517679064,0.153309582171801,58
55,2.6789925336837768,0.29190858173549394,0.027347874641418458,0.03965651520031069,0.1,False,saga,"{'alpha': 0.1, 'fit_intercept': False, 'solver': 'saga'}",-2.172573956135978,-2.03818043911316,-2.199166270763508,-1.8802330593810876,-1.9956141004663508,-2.0602762004867423,-2.094855173182818,-1.751293622010993,-2.0306024605371555,-1.9280184398688385,-2.0150813721946634,0.12790584046526113,55
56,0.6069351196289062,0.08045553148340835,0.010295772552490234,0.02617024168768006,1,True,auto,"{'alpha': 1, 'fit_intercept': True, 'solver': 'auto'}",-1.7893975784072698,-2.0033452067557507,-2.1237777818956487,-1.7856609932321927,-1.9180436766506224,-1.9615010639829469,-2.0251067265828553,-1.6683518109620619,-1.9754622709859606,-1.8418673991933052,-1.9092514508648613,0.1294996615467199,13
57,2.572241115570068,0.10915516577215166,0.009667563438415527,0.02454630483644442,1,True,svd,"{'alpha': 1, 'fit_intercept': True, 'solver': 'svd'}",-1.7893975784072658,-2.0033452067557502,-2.1237777818956474,-1.7856609932321965,-1.9180436766506208,-1.9615010639829487,-2.0251067265828597,-1.6683518109620605,-1.9754622709859613,-1.8418673991933074,-1.909251450864862,0.12949966154672027,15
58,0.6719753503799438,0.1100668538367139,0.01057107448577881,0.026555910842034805,1,True,cholesky,"{'alpha': 1, 'fit_intercept': True, 'solver': 'cholesky'}",-1.7893975784072698,-2.0033452067557507,-2.1237777818956487,-1.7856609932321927,-1.9180436766506224,-1.9615010639829469,-2.0251067265828553,-1.6683518109620619,-1.9754622709859606,-1.8418673991933052,-1.9092514508648613,0.1294996615467199,13
59,0.33303968906402587,0.05994161196027156,0.009421992301940917,0.024276831842382347,1,True,lsqr,"{'alpha': 1, 'fit_intercept': True, 'solver': 'lsqr'}",-2.4798330848718413,-2.569658949316299,-2.8669286005499757,-2.569686968073958,-2.6929794369165996,-2.883541355232605,-2.638690184104255,-2.3834552116387995,-2.629257086790417,-2.5800456095527875,-2.6294076487047535,0.1475011636819096,78
60,0.37470808029174807,0.05717651301123505,0.0251359224319458,0.03636646750334616,1,True,sparse_cg,"{'alpha': 1, 'fit_intercept': True, 'solver': 'sparse_cg'}",-2.33373163168678,-2.165375223300178,-2.2879456839456873,-2.0645674594018035,-2.185553630565767,-2.257729633500773,-2.1593208279570626,-1.9326980955445734,-2.211196791272787,-2.1676259529458197,-2.176574493012123,0.10839366008735049,65
61,2.409393048286438,0.2757050274577728,0.010539817810058593,0.026978327241459963,1,True,sag,"{'alpha': 1, 'fit_intercept': True, 'solver': 'sag'}",-1.9213055961752785,-2.035538758544614,-2.174994000790908,-1.8545425883228208,-1.9609175898525,-2.0044321948645867,-2.0644361524724872,-1.765996095170413,-2.018307256668718,-1.8620142755524438,-1.9662484508414768,0.11299426575012991,34
62,2.5167819023132325,0.20386064534212806,0.010039138793945312,0.024596790777164722,1,True,saga,"{'alpha': 1, 'fit_intercept': True, 'solver': 'saga'}",-2.0684210732276807,-2.044193702724355,-2.1938088917908596,-1.8869148449844326,-1.986868703840949,-2.050557061385549,-2.0625511512157773,-1.7425072694199506,-2.0299842925192664,-1.9096052308419844,-1.9975412221950806,0.11787199916224055,49
63,0.4989497661590576,0.10716895120695398,0.028002452850341798,0.0400702089037253,1,False,auto,"{'alpha': 1, 'fit_intercept': False, 'solver': 'auto'}",-1.7953963375855948,-1.9930964160803921,-2.1246213589722194,-1.786323683153086,-1.9186212181579245,-1.9620566534857449,-2.0274112583999533,-1.6669526287745382,-1.9771706864701497,-1.8410458091632278,-1.9092696050242828,0.1289573838522053,16
64,2.659176540374756,0.1391871100520572,0.011698627471923828,0.027955033158749493,1,False,svd,"{'alpha': 1, 'fit_intercept': False, 'solver': 'svd'}",-1.79539633758609,-1.9930964160800853,-2.124621358972266,-1.786323683153172,-1.9186212181579712,-1.9620566534858055,-2.027411258399587,-1.6669526287747336,-1.9771706864703584,-1.8410458091634678,-1.9092696050243536,0.12895738385207206,18
65,0.5636637449264527,0.07503720957100031,0.010223841667175293,0.02616747303170018,1,False,cholesky,"{'alpha': 1, 'fit_intercept': False, 'solver': 'cholesky'}",-1.7953963375855948,-1.9930964160803921,-2.1246213589722194,-1.786323683153086,-1.9186212181579245,-1.9620566534857449,-2.0274112583999533,-1.6669526287745382,-1.9771706864701497,-1.8410458091632278,-1.9092696050242828,0.1289573838522053,16
66,0.24360735416412355,0.04788555476276248,0.01811976432800293,0.032360992924503625,1,False,lsqr,"{'alpha': 1, 'fit_intercept': False, 'solver': 'lsqr'}",-4.604401702823286,-4.556131144173136,-5.354443396151888,-4.737222518290282,-4.6833666906498665,-4.9606011468936195,-5.277005754241902,-4.535157214956208,-4.787032776981447,-4.86560166738378,-4.836096401254542,0.27158675922275577,88
67,0.287467885017395,0.04759282336201581,0.0015280485153198243,0.0002167762098570791,1,False,sparse_cg,"{'alpha': 1, 'fit_intercept': False, 'solver': 'sparse_cg'}",-4.604401702823282,-4.556131144173137,-5.354443396151888,-4.737222518290279,-4.6833666906498665,-4.960601146893619,-5.277005754241905,-4.535157214956208,-4.787032776981445,-4.86560166738378,-4.836096401254541,0.27158675922275666,87
68,2.7268248796463013,0.4539246317788325,0.012178969383239747,0.02678993055882025,1,False,sag,"{'alpha': 1, 'fit_intercept': False, 'solver': 'sag'}",-2.0030224205660323,-2.0222655160072933,-2.1955717713955347,-1.8378068007032125,-1.9915178193315128,-2.0367489845637428,-2.0673374374812954,-1.7379867902030166,-2.0232906519168474,-1.8766101676847182,-1.9792158359853205,0.12292892995210784,42
69,2.76894896030426,0.14641900928219162,0.038239550590515134,0.04464830473339604,1,False,saga,"{'alpha': 1, 'fit_intercept': False, 'solver': 'saga'}",-2.117818030364233,-2.0444231629168774,-2.1992905154003863,-1.8867797083085234,-1.9940629908078726,-2.0561989612086884,-2.0833756835172013,-1.7350881419392195,-2.032280968957405,-1.921683731206093,-2.0071001894626503,0.12465343562635302,52
70,0.5205862283706665,0.09466370149570288,0.019179463386535645,0.034763778442814364,10,True,auto,"{'alpha': 10, 'fit_intercept': True, 'solver': 'auto'}",-2.042630392711534,-2.01535431308499,-2.1709301752646275,-1.8664752278559331,-1.9747900621103756,-2.036349059677907,-2.0441226718903667,-1.7255150552119303,-2.009112558163134,-1.9015104832965473,-1.9786789999267345,0.11557770471791196,37
71,2.5734690189361573,0.16522751474138478,0.01859421730041504,0.033588279994140366,10,True,svd,"{'alpha': 10, 'fit_intercept': True, 'solver': 'svd'}",-2.042630392711526,-2.015354313084989,-2.1709301752646284,-1.866475227855933,-1.974790062110375,-2.0363490596779075,-2.044122671890367,-1.7255150552119298,-2.009112558163133,-1.9015104832965473,-1.9786789999267334,0.11557770471791179,36
72,0.6907464265823364,0.11100977576945141,0.010236787796020507,0.02601317193158713,10,True,cholesky,"{'alpha': 10, 'fit_intercept': True, 'solver': 'cholesky'}",-2.042630392711534,-2.01535431308499,-2.1709301752646275,-1.8664752278559331,-1.9747900621103756,-2.036349059677907,-2.0441226718903667,-1.7255150552119303,-2.009112558163134,-1.9015104832965473,-1.9786789999267345,0.11557770471791196,37
73,0.3577826738357544,0.08000261401813567,0.03558170795440674,0.04222892297528769,10,True,lsqr,"{'alpha': 10, 'fit_intercept': True, 'solver': 'lsqr'}",-2.4754658416886173,-2.5675969482706824,-2.868360937930085,-2.570885844110715,-2.6923351089780967,-2.8835339770609867,-2.640365912037937,-2.3855256296045275,-2.6293789132405996,-2.5819379531888864,-2.6295387066111138,0.14779509414469583,83
74,0.4420713186264038,0.06299263849945227,0.009756636619567872,0.02457484021070976,10,True,sparse_cg,"{'alpha': 10, 'fit_intercept': True, 'solver': 'sparse_cg'}",-2.3000703146443997,-2.1581736945528625,-2.3478214125779653,-2.0728026630615792,-2.192254001384631,-2.268893353161506,-2.185060773798023,-1.9394347785433381,-2.209423490310085,-2.170975403427021,-2.184490988546141,0.1101106193656657,66
75,2.2105078220367433,0.170201271165037,0.028006768226623534,0.039999640569933256,10,True,sag,"{'alpha': 10, 'fit_intercept': True, 'solver': 'sag'}",-2.0529144553700704,-2.0348829601354197,-2.1961893440383253,-1.8858952367574395,-1.9918625560616718,-2.0572745177374805,-2.059237436440144,-1.7712221740442353,-2.0346396009955754,-1.9140945683552963,-1.999821284993566,0.11104107251704953,50
76,2.3118048429489138,0.29571243176060213,0.01966862678527832,0.035862500327285884,10,True,saga,"{'alpha': 10, 'fit_intercept': True, 'solver': 'saga'}",-2.162128754811342,-2.0445939524340604,-2.2200971839843398,-1.9070796105859498,-2.034874082497169,-2.105964670947176,-2.0754349057226245,-1.7755465785726618,-2.0417215978304175,-1.959294686531794,-2.0326736023917538,0.12107343670077624,59
77,0.556852149963379,0.045137158577804544,0.010219907760620118,0.026259319455664235,10,False,auto,"{'alpha': 10, 'fit_intercept': False, 'solver': 'auto'}",-2.0517192400567144,-2.005343743647057,-2.172796682054868,-1.8661267721476302,-1.975134865371886,-2.036107125757656,-2.048751282910764,-1.7227097283443347,-2.0111455635727165,-1.90138885360517,-1.9791223857468794,0.11711634627817749,40
78,2.5929911851882936,0.24515387584538764,0.019409322738647462,0.03537546219801168,10,False,svd,"{'alpha': 10, 'fit_intercept': False, 'solver': 'svd'}",-2.0517192400565807,-2.0053437436470407,-2.1727966820548583,-1.8661267721476478,-1.9751348653718814,-2.0361071257576824,-2.0487512829107297,-1.7227097283443737,-2.0111455635727427,-1.9013888536052175,-1.9791223857468758,0.11711634627815379,39
79,0.5420318841934204,0.11893268106059861,0.011489033699035645,0.02991275246109018,10,False,cholesky,"{'alpha': 10, 'fit_intercept': False, 'solver': 'cholesky'}",-2.0517192400567144,-2.005343743647057,-2.172796682054868,-1.8661267721476302,-1.975134865371886,-2.036107125757656,-2.048751282910764,-1.7227097283443347,-2.0111455635727165,-1.90138885360517,-1.9791223857468794,0.11711634627817749,40
80,0.3364542245864868,0.044061425579716665,0.0016257762908935547,0.00026451691991640126,10,False,lsqr,"{'alpha': 10, 'fit_intercept': False, 'solver': 'lsqr'}",-4.604356521576795,-4.556164092882668,-5.35445053590644,-4.737182198058823,-4.683340175819144,-4.960579356625034,-5.277109828738988,-4.535165968855982,-4.786998290350614,-4.8656162044696005,-4.83609631732841,0.2716072495049329,86
81,0.30131847858428956,0.040903490526083025,0.018496155738830566,0.03424165143426747,10,False,sparse_cg,"{'alpha': 10, 'fit_intercept': False, 'solver': 'sparse_cg'}",-4.6043565215767925,-4.5561640928826685,-5.35445053590644,-4.737182198058821,-4.683340175819144,-4.960579356625032,-5.277109828738992,-4.535165968855982,-4.7869982903506125,-4.8656162044696,-4.8360963173284075,0.27160724950493387,85
82,2.5183809280395506,0.3524483784016252,0.002494072914123535,0.0016094421430918673,10,False,sag,"{'alpha': 10, 'fit_intercept': False, 'solver': 'sag'}",-2.134667290129948,-2.019021881425016,-2.231774764810709,-1.9165618789606038,-1.9923255196187137,-2.070231714023346,-2.0627472805484324,-1.7616811119313147,-2.0355354623120596,-1.914153593426241,-2.0138700497186384,0.12313069048422384,54
83,2.588798236846924,0.3416944401083903,0.010445308685302735,0.025053122643047918,10,False,saga,"{'alpha': 10, 'fit_intercept': False, 'solver': 'saga'}",-2.1635833210214632,-2.0413473327117164,-2.2239488429250143,-1.9362873803871918,-2.0356890849575224,-2.0964415092966537,-2.1211630374130683,-1.7962425085416796,-2.037759389969346,-1.9685631036178441,-2.0421025510841497,0.11581949807882025,60
84,0.6419728755950928,0.06492763159168011,0.010303092002868653,0.02609517947847115,100,True,auto,"{'alpha': 100, 'fit_intercept': True, 'solver': 'auto'}",-2.1999618000954837,-2.1948978862977833,-2.483828965796489,-2.184831683376219,-2.2887145257060784,-2.405555829600098,-2.297171101379749,-2.0423250726536124,-2.262087327396241,-2.2353655324276165,-2.259473972472937,0.11617920966275676,70
85,2.6725163221359254,0.16568933327595403,0.027993440628051758,0.03910887313451808,100,True,svd,"{'alpha': 100, 'fit_intercept': True, 'solver': 'svd'}",-2.199961800095481,-2.194897886297783,-2.48382896579649,-2.184831683376217,-2.288714525706077,-2.405555829600099,-2.297171101379749,-2.0423250726536124,-2.2620873273962405,-2.235365532427616,-2.2594739724729367,0.11617920966275734,69
86,0.7021331310272216,0.1665297397511819,0.0018439054489135741,0.0007760444137488569,100,True,cholesky,"{'alpha': 100, 'fit_intercept': True, 'solver': 'cholesky'}",-2.1999618000954837,-2.1948978862977833,-2.483828965796489,-2.184831683376219,-2.2887145257060784,-2.405555829600098,-2.297171101379749,-2.0423250726536124,-2.262087327396241,-2.2353655324276165,-2.259473972472937,0.11617920966275676,70
87,0.42209911346435547,0.05740174721537503,0.010104560852050781,0.026228513152772175,100,True,lsqr,"{'alpha': 100, 'fit_intercept': True, 'solver': 'lsqr'}",-2.459018834496099,-2.5683182395488906,-2.899642632326416,-2.5980347449684102,-2.704216293195388,-2.9018452026519608,-2.6766769002769926,-2.4205110637342635,-2.6481917710658354,-2.6166521686308495,-2.6493107850895106,0.1513341950695149,84
88,0.46152002811431886,0.04469304817038189,0.009606385231018066,0.02425584135006155,100,True,sparse_cg,"{'alpha': 100, 'fit_intercept': True, 'solver': 'sparse_cg'}",-2.268930467618325,-2.2950552515217426,-2.6052188196809407,-2.2913917351327524,-2.4087059398168553,-2.54648783523907,-2.4144809322226526,-2.1673505845316514,-2.3817332698461624,-2.3476590188900897,-2.372701385450024,0.12393311786933016,77
89,1.4148788690567016,0.13036176484827022,0.027651238441467284,0.040037064417532346,100,True,sag,"{'alpha': 100, 'fit_intercept': True, 'solver': 'sag'}",-2.2084117465671573,-2.196153422247893,-2.4956951452806218,-2.1920942073934304,-2.2860477439873015,-2.4062897323493173,-2.2979049923669335,-2.0539523921663303,-2.260757659194393,-2.23395469556775,-2.263126173712113,0.11552225316747644,75
90,1.7787156343460082,0.2215229038744931,0.0015340805053710937,0.0004937413940850214,100,True,saga,"{'alpha': 100, 'fit_intercept': True, 'solver': 'saga'}",-2.1953870329057215,-2.1825746756703652,-2.4782103500911044,-2.167699309888741,-2.2836339454846426,-2.3828962682998633,-2.2780498384874255,-2.0274623024467537,-2.2473710201420793,-2.217165879209388,-2.246045062262609,0.11679605061977669,67
91,0.48987293243408203,0.0563602226767393,0.010237312316894532,0.026096285195847953,100,False,auto,"{'alpha': 100, 'fit_intercept': False, 'solver': 'auto'}",-2.204649580736316,-2.193067881618708,-2.4846250499906524,-2.185556424303153,-2.291663334014783,-2.4085831072894788,-2.3029713769037796,-2.0430644036759973,-2.2631575811558364,-2.2449924501448257,-2.262233118983353,0.11649646508592744,73
92,2.4514933586120606,0.1356926842999718,0.010480523109436035,0.026108117145494467,100,False,svd,"{'alpha': 100, 'fit_intercept': False, 'solver': 'svd'}",-2.2046495807362767,-2.1930678816187075,-2.4846250499906493,-2.185556424303155,-2.2916633340147756,-2.4085831072894774,-2.3029713769037743,-2.0430644036759995,-2.263157581155843,-2.2449924501448364,-2.2622331189833496,0.11649646508592756,72
93,0.5693520545959473,0.08917151280911337,0.01886858940124512,0.03486685183731066,100,False,cholesky,"{'alpha': 100, 'fit_intercept': False, 'solver': 'cholesky'}",-2.204649580736316,-2.193067881618708,-2.4846250499906524,-2.185556424303153,-2.291663334014783,-2.4085831072894788,-2.3029713769037796,-2.0430644036759973,-2.2631575811558364,-2.2449924501448257,-2.262233118983353,0.11649646508592744,73
94,0.3227649211883545,0.07230642997859382,0.0014047861099243165,0.00023147832451121035,100,False,lsqr,"{'alpha': 100, 'fit_intercept': False, 'solver': 'lsqr'}",-4.603910091637527,-4.556498346356532,-5.3545268547807146,-4.7367843221905375,-4.683080239409196,-4.960366648938497,-5.278154722025146,-4.535258440559343,-4.786658678025032,-4.865766474867514,-4.836100481879003,0.2718122620947359,98
95,0.28630380630493163,0.04741874626729613,0.010312342643737793,0.026317060714547445,100,False,sparse_cg,"{'alpha': 100, 'fit_intercept': False, 'solver': 'sparse_cg'}",-4.603910091637522,-4.556498346356532,-5.354526854780714,-4.736784322190535,-4.683080239409196,-4.960366648938496,-5.278154722025151,-4.5352584405593435,-4.78665867802503,-4.865766474867514,-4.8361004818790025,0.27181226209473686,97
96,1.487683653831482,0.118713159816566,0.009800386428833009,0.024664945412471745,100,False,sag,"{'alpha': 100, 'fit_intercept': False, 'solver': 'sag'}",-2.2576766805259236,-2.2003465254325834,-2.5720482616113483,-2.212108053045977,-2.2913485099036994,-2.4039479861284367,-2.4357212144791025,-2.0586836202826437,-2.26531816586252,-2.2728750530809227,-2.297007407035316,0.13521843101751566,76
97,1.3042855501174926,0.06481372085541263,0.01692802906036377,0.031209533212617612,100,False,saga,"{'alpha': 100, 'fit_intercept': False, 'solver': 'saga'}",-2.201786350896413,-2.183802624817847,-2.462357033369114,-2.1751126163423637,-2.278320828863705,-2.4002836135912546,-2.287037587292997,-2.0177654469939372,-2.24556079973151,-2.2387285908372965,-2.249075549273644,0.11672205777374504,68
