,mean_fit_time,std_fit_time,mean_score_time,std_score_time,param_alpha,param_fit_intercept,param_solver,params,split0_test_score,split1_test_score,split2_test_score,split3_test_score,split4_test_score,split5_test_score,split6_test_score,split7_test_score,split8_test_score,split9_test_score,mean_test_score,std_test_score,rank_test_score
0,2.9566245555877684,0.3304982456671859,0.010294866561889649,0.026296896527920197,0.0001,True,auto,"{'alpha': 0.0001, 'fit_intercept': True, 'solver': 'auto'}",-1.701526619141324,-2.6615958759525005,-2.0513974486507096,-1.8627905335939876,-1.767950102766936,-2.9608799942509214,-1.7299982710263824,-1.7866127164533057,-2.219231449797056,-2.1510819046629015,-2.0893064916296025,0.40434735787047044,25
1,4.446021199226379,0.32773759212536546,0.01894247531890869,0.03479677104258807,0.0001,True,svd,"{'alpha': 0.0001, 'fit_intercept': True, 'solver': 'svd'}",-1.7015266191411536,-2.6615958759506344,-2.051397448650456,-1.8627905335942518,-1.7679501027670919,-2.960879994267996,-1.7299982710267652,-1.7866127164534418,-2.219231449797338,-2.1510819046651615,-2.089306491631429,0.4043473578738777,27
2,2.5540205240249634,0.3390202314216891,0.009762048721313477,0.02491665376301686,0.0001,True,cholesky,"{'alpha': 0.0001, 'fit_intercept': True, 'solver': 'cholesky'}",-1.701526619141324,-2.6615958759525005,-2.0513974486507096,-1.8627905335939876,-1.767950102766936,-2.9608799942509214,-1.7299982710263824,-1.7866127164533057,-2.219231449797056,-2.1510819046629015,-2.0893064916296025,0.40434735787047044,25
3,2.393406629562378,0.748775581562818,0.027425718307495118,0.0392369305821304,0.0001,True,lsqr,"{'alpha': 0.0001, 'fit_intercept': True, 'solver': 'lsqr'}",-2.096415300583129,-2.7878364513873324,-2.7700732813266233,-2.434521600403958,-2.119619187811596,-2.7479972980235283,-2.304089010201235,-2.3480131597763623,-2.8584005746171424,-2.3680302075877644,-2.483499607171867,0.27088284117758804,81
4,0.5421446800231934,0.06476887163666477,0.010215377807617188,0.026272631299369617,0.0001,True,sparse_cg,"{'alpha': 0.0001, 'fit_intercept': True, 'solver': 'sparse_cg'}",-1.8530683542322022,-2.5012110437276402,-2.4164211652422707,-2.2013972978262246,-1.9558008014206902,-2.6519674837263523,-1.9776122907290647,-2.077484994538934,-2.9289759066256424,-2.0994263997355143,-2.2663365737804533,0.32921411253724125,66
5,2.070815634727478,0.42453298784916316,0.25844218730926516,0.7107145412722492,0.0001,True,sag,"{'alpha': 0.0001, 'fit_intercept': True, 'solver': 'sag'}",-1.8182960368770351,-2.3955110142554137,-2.2924453331953663,-2.1015212122849762,-1.8536110840712843,-2.143450159308011,-1.8349051314082476,-1.9355956105113028,-2.715888583755206,-2.013748774825221,-2.110497294049206,0.2737292456488304,31
6,2.141084909439087,0.22524079767184735,0.02769906520843506,0.0401400452183906,0.0001,True,saga,"{'alpha': 0.0001, 'fit_intercept': True, 'solver': 'saga'}",-1.7959806946842711,-2.419899836491737,-2.3467379067212173,-2.114262136080937,-1.8738875430703528,-2.257891180900164,-1.876590252909679,-1.9876042892282277,-2.7979365223854717,-2.031578722979383,-2.150236908545144,0.29342924466341913,45
7,0.48883202075958254,0.05265274687991162,0.010302519798278809,0.026148913457028997,0.0001,False,auto,"{'alpha': 0.0001, 'fit_intercept': False, 'solver': 'auto'}",-1.7007442117635814,-2.667032606097837,-2.0523805207244665,-1.860145794059617,-1.761980533876412,-2.959517032607197,-1.7309256349016569,-1.7856383576281927,-2.2217448777877364,-2.16698687696087,-2.0907096446407563,0.4058621174297334,28
8,2.133003091812134,0.09715246420089114,0.010100507736206054,0.026225309460765553,0.0001,False,svd,"{'alpha': 0.0001, 'fit_intercept': False, 'solver': 'svd'}",-1.700744211762271,-2.667032606066067,-2.052380520733645,-1.8601457940499975,-1.761980533873274,-2.9595170322577014,-1.7309256364387677,-1.7856383576246475,-2.2217448778023616,-2.1669868769911163,-2.0907096447599853,0.4058621172162943,30
9,0.5020268440246582,0.07469404583035434,0.010140776634216309,0.02642966186345015,0.0001,False,cholesky,"{'alpha': 0.0001, 'fit_intercept': False, 'solver': 'cholesky'}",-1.7007442117635814,-2.667032606097837,-2.0523805207244665,-1.860145794059617,-1.761980533876412,-2.959517032607197,-1.7309256349016569,-1.7856383576281927,-2.2217448777877364,-2.16698687696087,-2.0907096446407563,0.4058621174297334,28
10,0.2646183967590332,0.049101361011282596,0.013093519210815429,0.03497590367826331,0.0001,False,lsqr,"{'alpha': 0.0001, 'fit_intercept': False, 'solver': 'lsqr'}",-4.776544701886415,-5.052980784684104,-5.231998851260387,-4.755872886296718,-4.62903375160082,-4.819361550682375,-4.922632414141517,-5.191213270756149,-4.884385267468321,-4.9643450200961645,-4.922836849887297,0.1827708237458158,95
11,0.2894652605056763,0.05285493646354713,0.0015315771102905273,0.00020578911376396345,0.0001,False,sparse_cg,"{'alpha': 0.0001, 'fit_intercept': False, 'solver': 'sparse_cg'}",-4.776544701886414,-5.052980784684105,-5.231998851260387,-4.755872886296718,-4.629033751600819,-4.819361550682375,-4.922632414141517,-5.19121327075615,-4.8843852674683195,-4.9643450200961645,-4.922836849887297,0.1827708237458164,95
12,2.3436925411224365,0.3795008324364231,0.010513782501220703,0.0261141001972212,0.0001,False,sag,"{'alpha': 0.0001, 'fit_intercept': False, 'solver': 'sag'}",-1.7810200429844238,-2.415820881731156,-2.3302908245417613,-2.1230672450123897,-1.8497531544064656,-2.185169362916702,-1.8673029823508704,-1.9553016470947535,-2.7825406842181692,-2.114834594810524,-2.1405101420067214,0.29149458969306496,42
13,2.3382860660552978,0.21186635001773418,0.001865243911743164,0.0010455502211473332,0.0001,False,saga,"{'alpha': 0.0001, 'fit_intercept': False, 'solver': 'saga'}",-1.7905401026066643,-2.4070560433232897,-2.363702633589041,-2.121382464467213,-1.8681796577158767,-2.398142157289782,-1.8949620973921768,-1.9857189790314114,-2.7964264606995735,-2.0465578475394715,-2.16726684436545,0.3000654655583343,54
14,0.5471812725067139,0.04666870900632714,0.010300159454345703,0.02621741275733375,0.001,True,auto,"{'alpha': 0.001, 'fit_intercept': True, 'solver': 'auto'}",-1.700638359335145,-2.5851790665713894,-2.061081442664103,-1.8600014693354898,-1.7530943810851487,-2.796004355847511,-1.7216913413807193,-1.7877986541207043,-2.2346842587492444,-2.134164592081706,-2.0634337921171158,0.3612881512264149,19
15,2.308718943595886,0.10631372784071816,0.011376667022705077,0.025915688253681755,0.001,True,svd,"{'alpha': 0.001, 'fit_intercept': True, 'solver': 'svd'}",-1.7006383593351497,-2.585179066570716,-2.0610814426640287,-1.8600014693355689,-1.7530943810852715,-2.7960043558490573,-1.7216913413804573,-1.787798654120713,-2.23468425874929,-2.134164592082111,-2.0634337921172365,0.36128815122665003,21
16,0.5690685033798217,0.0854414455316025,0.010183930397033691,0.0261804900803732,0.001,True,cholesky,"{'alpha': 0.001, 'fit_intercept': True, 'solver': 'cholesky'}",-1.700638359335145,-2.5851790665713894,-2.061081442664103,-1.8600014693354898,-1.7530943810851487,-2.796004355847511,-1.7216913413807193,-1.7877986541207043,-2.2346842587492444,-2.134164592081706,-2.0634337921171158,0.3612881512264149,19
17,0.3924610376358032,0.07757708775964181,0.02638211250305176,0.03826014362897201,0.001,True,lsqr,"{'alpha': 0.001, 'fit_intercept': True, 'solver': 'lsqr'}",-2.096415762575849,-2.7878364271785507,-2.770073204056459,-2.4345209793154905,-2.119619508054405,-2.7479962538072638,-2.30408935558,-2.3480140538519496,-2.8583984697463434,-2.3680309577582994,-2.483499497192461,0.27088223963260394,80
18,0.3949231386184692,0.049405491698906984,0.0012546539306640624,0.0002865988911816385,0.001,True,sparse_cg,"{'alpha': 0.001, 'fit_intercept': True, 'solver': 'sparse_cg'}",-1.853068509356388,-2.501211951558523,-2.4164222054145603,-2.201395499404007,-1.9558006995650896,-2.651963988762146,-1.9776143336774532,-2.0774866050559035,-2.928966733481271,-2.0994273404157964,-2.266335786669114,0.3292116753431163,65
19,1.938946580886841,0.2967953095849768,0.019046616554260255,0.03489891841003229,0.001,True,sag,"{'alpha': 0.001, 'fit_intercept': True, 'solver': 'sag'}",-1.8092152966474913,-2.375055858592049,-2.3115924300810815,-2.1093561892086745,-1.8343258429067761,-2.181356044920911,-1.8479142352633902,-1.9704615038142748,-2.751347899527141,-2.020324306661713,-2.12109496076235,0.2808472380128947,33
20,2.067237877845764,0.10113271202872516,0.017786192893981933,0.03161249387047964,0.001,True,saga,"{'alpha': 0.001, 'fit_intercept': True, 'solver': 'saga'}",-1.7998652522508871,-2.4244818128203205,-2.349572227559245,-2.116883306574666,-1.8746315188249094,-2.328163139429032,-1.873043600331808,-1.9911182560958665,-2.789293414752433,-2.0297788281826734,-2.157683135682184,0.29511649422656316,47
21,0.4400298833847046,0.06245604034022125,0.027826857566833497,0.040223130797092076,0.001,False,auto,"{'alpha': 0.001, 'fit_intercept': False, 'solver': 'auto'}",-1.7006549341403219,-2.590305508898276,-2.0652562336769718,-1.8592202045066897,-1.7410643794321723,-2.7673513559360665,-1.7250751348249902,-1.7877466427870703,-2.2422130909429576,-2.1461526524690293,-2.0625040137614548,0.35771728770404787,13
22,1.6156107187271118,0.10342867923113742,0.008728384971618652,0.02062771354078077,0.001,False,svd,"{'alpha': 0.001, 'fit_intercept': False, 'solver': 'svd'}",-1.700654934139606,-2.590305508883545,-2.0652562336814584,-1.859220204506944,-1.7410643794318512,-2.767351355874573,-1.7250751349336912,-1.7877466427869495,-2.242213090947795,-2.1461526524883805,-2.0625040137674793,0.35771728768029915,15
23,0.2704354524612427,0.0825080420828327,0.0183058500289917,0.033952547830322484,0.001,False,cholesky,"{'alpha': 0.001, 'fit_intercept': False, 'solver': 'cholesky'}",-1.7006549341403219,-2.590305508898276,-2.0652562336769718,-1.8592202045066897,-1.7410643794321723,-2.7673513559360665,-1.7250751348249902,-1.7877466427870703,-2.2422130909429576,-2.1461526524690293,-2.0625040137614548,0.35771728770404787,13
24,0.1345975875854492,0.037524713278465856,0.0011999368667602538,0.00020965113628872875,0.001,False,lsqr,"{'alpha': 0.001, 'fit_intercept': False, 'solver': 'lsqr'}",-4.776544696033934,-5.052980783411821,-5.231998853995317,-4.755872883686462,-4.629033750127085,-4.819361552656014,-4.922632414373316,-5.191213275056918,-4.884385273590591,-4.964345015866579,-4.922836849879803,0.1827708253565306,93
25,0.13984208106994628,0.040242032561631606,0.0014340877532958984,0.00034831591755077893,0.001,False,sparse_cg,"{'alpha': 0.001, 'fit_intercept': False, 'solver': 'sparse_cg'}",-4.776544696033932,-5.052980783411821,-5.231998853995317,-4.755872883686462,-4.629033750127084,-4.819361552656014,-4.922632414373316,-5.191213275056918,-4.884385273590593,-4.964345015866579,-4.922836849879804,0.18277082535653086,94
26,2.1945428133010862,0.14504413216621162,0.03701117038726807,0.042269301823575474,0.001,False,sag,"{'alpha': 0.001, 'fit_intercept': False, 'solver': 'sag'}",-1.816540957557347,-2.473388698119561,-2.4475276850860537,-2.1343935700157046,-2.042523939514713,-2.303517364056203,-1.8792911301091944,-2.059992005188706,-2.809551101939428,-2.0094820572999876,-2.1976208508886894,0.2920822447558213,59
27,2.276516342163086,0.17377719361704036,0.0024034976959228516,0.0018488750687499162,0.001,False,saga,"{'alpha': 0.001, 'fit_intercept': False, 'solver': 'saga'}",-1.7831292674884065,-2.4281179651350002,-2.357946490050868,-2.1292868731320556,-1.8723135329012075,-2.315511597635537,-1.888118356719188,-2.0031678516848985,-2.8179063990277777,-2.0337803147908526,-2.162927864856579,0.30136269299241064,51
28,0.5280732631683349,0.059258295342705894,0.0014452457427978516,0.0002409725912283008,0.01,True,auto,"{'alpha': 0.01, 'fit_intercept': True, 'solver': 'auto'}",-1.7062330328639972,-2.457291428649187,-2.092314263976832,-1.871131347087687,-1.722628384305715,-2.212038959820772,-1.7273276367297803,-1.792399805268456,-2.3384096069819775,-2.110418342328083,-2.003019280801248,0.2620132131795271,2
29,2.2963505029678344,0.12814861014028486,0.018986439704895018,0.03300072025761595,0.01,True,svd,"{'alpha': 0.01, 'fit_intercept': True, 'solver': 'svd'}",-1.7062330328640192,-2.45729142864913,-2.092314263976766,-1.8711313470876987,-1.7226283843057453,-2.2120389598206667,-1.7273276367297272,-1.7923998052684704,-2.338409606982013,-2.110418342328124,-2.0030192808012357,0.26201321317951093,1
30,0.5135178804397583,0.10523553157535322,0.02778785228729248,0.0402070343971805,0.01,True,cholesky,"{'alpha': 0.01, 'fit_intercept': True, 'solver': 'cholesky'}",-1.7062330328639972,-2.457291428649187,-2.092314263976832,-1.871131347087687,-1.722628384305715,-2.212038959820772,-1.7273276367297803,-1.792399805268456,-2.3384096069819775,-2.110418342328083,-2.003019280801248,0.2620132131795271,2
31,0.3915592908859253,0.10126789158073905,0.010271310806274414,0.026267089967895757,0.01,True,lsqr,"{'alpha': 0.01, 'fit_intercept': True, 'solver': 'lsqr'}",-2.096420383964788,-2.7878361864793533,-2.7700724330413204,-2.4345147703356367,-2.119622711976253,-2.7479858135093815,-2.3040928108510594,-2.3480229958951657,-2.8583774236853965,-2.3680384606169076,-2.4834983990355264,0.2708762244904708,79
32,0.47406437397003176,0.060540428696385054,0.00982372760772705,0.02446240354677471,0.01,True,sparse_cg,"{'alpha': 0.01, 'fit_intercept': True, 'solver': 'sparse_cg'}",-1.8530700691250803,-2.5012210360337535,-2.416432614470904,-2.2013775262040034,-1.9557996884114213,-2.651929049681763,-1.977634768001193,-2.0775027165858315,-2.9288750224269906,-2.0994367544857013,-2.266327924542664,0.32918730710162175,64
33,2.089102602005005,0.5178504883080458,0.01866304874420166,0.03206433501856117,0.01,True,sag,"{'alpha': 0.01, 'fit_intercept': True, 'solver': 'sag'}",-1.800505032406386,-2.4312134379837183,-2.3129861062459747,-2.092402041895441,-1.8462931165562386,-2.144038713258555,-1.8298761936867032,-1.9439699666828893,-2.7767622443572275,-1.9919203020235885,-2.1169967155096723,0.29584433299682267,32
34,2.285955047607422,0.18926829928459868,0.019706416130065917,0.034843186923227784,0.01,True,saga,"{'alpha': 0.01, 'fit_intercept': True, 'solver': 'saga'}",-1.7900467067751438,-2.412620658695367,-2.349404651974598,-2.113783335157126,-1.8671911974604645,-2.2477630067293712,-1.88020923180179,-1.9813962965336502,-2.78682662179518,-2.0257245340917995,-2.145496624101449,0.29174514068507573,43
35,0.47974162101745604,0.037844131199657224,0.001630258560180664,9.658017349803897e-05,0.01,False,auto,"{'alpha': 0.01, 'fit_intercept': False, 'solver': 'auto'}",-1.710625601299706,-2.461134031613849,-2.1018265291548612,-1.8833056995015551,-1.7143903929398596,-2.167416602831249,-1.7337623532337587,-1.7966612568205669,-2.3525116249378253,-2.115627077386395,-2.0037261169719627,0.2607093903929249,4
36,2.215251398086548,0.11083985955036842,0.018668818473815917,0.03428527029673836,0.01,False,svd,"{'alpha': 0.01, 'fit_intercept': False, 'solver': 'svd'}",-1.7106256012992793,-2.461134031608791,-2.1018265291559715,-1.8833056995009587,-1.7143903929391142,-2.167416602829697,-1.7337623532331858,-1.7966612568184621,-2.3525116249410263,-2.11562707739458,-2.0037261169721066,0.26070939039314617,6
37,0.4802971363067627,0.07124574177527092,0.0014724016189575195,0.00024480645206432865,0.01,False,cholesky,"{'alpha': 0.01, 'fit_intercept': False, 'solver': 'cholesky'}",-1.710625601299706,-2.461134031613849,-2.1018265291548612,-1.8833056995015551,-1.7143903929398596,-2.167416602831249,-1.7337623532337587,-1.7966612568205669,-2.3525116249378253,-2.115627077386395,-2.0037261169719627,0.2607093903929249,4
38,0.2588002681732178,0.043988917329600086,0.009665727615356445,0.024400494892185917,0.01,False,lsqr,"{'alpha': 0.01, 'fit_intercept': False, 'solver': 'lsqr'}",-4.776544637509196,-5.052980770689072,-5.23199888134468,-4.755872857583969,-4.629033735389804,-4.8193615723924745,-4.922632416691386,-5.191213318064661,-4.884385334813381,-4.964344973570797,-4.922836849804942,0.18277084146367792,91
39,0.2305000066757202,0.040328290412243124,0.0012391328811645508,0.00020592672559967645,0.01,False,sparse_cg,"{'alpha': 0.01, 'fit_intercept': False, 'solver': 'sparse_cg'}",-4.776544637509194,-5.052980770689072,-5.23199888134468,-4.755872857583968,-4.629033735389803,-4.8193615723924745,-4.9226324166913855,-5.191213318064661,-4.884385334813382,-4.964344973570795,-4.922836849804942,0.1827708414636782,91
40,1.892226505279541,0.39974544114388866,0.010367226600646973,0.026188544111186107,0.01,False,sag,"{'alpha': 0.01, 'fit_intercept': False, 'solver': 'sag'}",-1.890421612288253,-2.4571907161366884,-2.330704950302166,-2.3081280593525344,-1.8821993762987728,-2.2167180853525457,-1.8496100044359736,-1.955219223089978,-2.809176612979179,-2.038981060477103,-2.173834970071319,0.29409283724206814,56
41,2.1390621662139893,0.2761473073130197,0.0015784263610839843,0.001125240237018353,0.01,False,saga,"{'alpha': 0.01, 'fit_intercept': False, 'solver': 'saga'}",-1.7745421565579866,-2.445149306083528,-2.3684868557686958,-2.12770970383528,-1.8771980979698173,-2.364366268960528,-1.8997344564316734,-1.9972203776539006,-2.784257515601295,-2.093147800667853,-2.1731812539530564,0.29712023865245124,55
42,0.5102899074554443,0.05205578608671206,0.019176220893859862,0.03520718387427798,0.1,True,auto,"{'alpha': 0.1, 'fit_intercept': True, 'solver': 'auto'}",-1.7550717659288422,-2.339611133905238,-2.164044043882648,-1.9728315867822637,-1.7272702964262412,-1.9248389367594847,-1.7843453538084209,-1.8254341259689812,-2.548762327726111,-2.1199730745966954,-2.0162182645784927,0.2594009040977011,7
43,1.9876212120056151,0.09848497914513359,0.017853164672851564,0.03276166338351457,0.1,True,svd,"{'alpha': 0.1, 'fit_intercept': True, 'solver': 'svd'}",-1.755071765928849,-2.3396111339052292,-2.164044043882606,-1.972831586782278,-1.7272702964262538,-1.9248389367594871,-1.7843453538084202,-1.825434125968985,-2.548762327726116,-2.1199730745967194,-2.016218264578494,0.2594009040976969,9
44,0.45051026344299316,0.11514702465436559,0.01871347427368164,0.03349560185530342,0.1,True,cholesky,"{'alpha': 0.1, 'fit_intercept': True, 'solver': 'cholesky'}",-1.7550717659288422,-2.339611133905238,-2.164044043882648,-1.9728315867822637,-1.7272702964262412,-1.9248389367594847,-1.7843453538084209,-1.8254341259689812,-2.548762327726111,-2.1199730745966954,-2.0162182645784927,0.2594009040977011,7
45,0.3648823738098145,0.04238048308776675,0.0015368223190307616,0.00046639029578848443,0.1,True,lsqr,"{'alpha': 0.1, 'fit_intercept': True, 'solver': 'lsqr'}",-2.096466743914691,-2.7878339182470566,-2.7700648914180213,-2.434452870885072,-2.1196549004550924,-2.7478815968834054,-2.304127511790512,-2.348112544957896,-2.8581672276093757,-2.3681136044355284,-2.483487581059665,0.2708161038242926,78
46,0.3639169931411743,0.042528671233347505,0.0014023780822753906,0.0002817812894524695,0.1,True,sparse_cg,"{'alpha': 0.1, 'fit_intercept': True, 'solver': 'sparse_cg'}",-1.8530865177416753,-2.501312496035831,-2.4165374367372925,-2.201198894295923,-1.9557903156394707,-2.651580713301966,-1.9778395940732576,-2.0776644664856905,-2.9279599475472415,-2.099531620313915,-2.2662502002172262,0.3289439941450947,63
47,2.1982384443283083,0.36230103513909456,0.01058523654937744,0.027480795475618436,0.1,True,sag,"{'alpha': 0.1, 'fit_intercept': True, 'solver': 'sag'}",-1.7850941444882384,-2.3871043750943812,-2.316639056261356,-2.1235882348966633,-1.8902078730497858,-2.2076790290682022,-1.8491912136643995,-1.9478994033387118,-2.76093905084698,-2.0204027373262066,-2.1288745118034926,0.2838255508296021,35
48,2.254978561401367,0.2168495663606712,0.011425209045410157,0.02585474549324761,0.1,True,saga,"{'alpha': 0.1, 'fit_intercept': True, 'solver': 'saga'}",-1.7879396660686322,-2.4164736636415376,-2.3398393103711665,-2.117274966317464,-1.87341736093404,-2.2567579727857647,-1.8762398286849242,-1.9882975068402287,-2.7757544190575048,-2.0408749202582506,-2.1472869614959516,0.2883741682798091,44
49,0.45941107273101806,0.045804632929895304,0.010190486907958984,0.026173124674700825,0.1,False,auto,"{'alpha': 0.1, 'fit_intercept': False, 'solver': 'auto'}",-1.7565204140537427,-2.3412475729235407,-2.1678951279469834,-1.9799023458871765,-1.722743336427286,-1.9244335055534632,-1.7864021400005217,-1.8256738409962696,-2.554855363772242,-2.1200848517013706,-2.01797584992626,0.2611462515689161,11
50,2.20403573513031,0.2462486550386692,0.010185146331787109,0.024322255488506767,0.1,False,svd,"{'alpha': 0.1, 'fit_intercept': False, 'solver': 'svd'}",-1.7565204140534618,-2.3412475729221014,-2.1678951279475163,-1.979902345886264,-1.7227433364264,-1.924433505553231,-1.7864021400000256,-1.8256738409959141,-2.554855363774566,-2.1200848517019493,-2.0179758499261427,0.26114625156948895,10
51,0.4970858573913574,0.11639022146488028,0.0014837980270385742,0.0002816588184615748,0.1,False,cholesky,"{'alpha': 0.1, 'fit_intercept': False, 'solver': 'cholesky'}",-1.7565204140537427,-2.3412475729235407,-2.1678951279469834,-1.9799023458871765,-1.722743336427286,-1.9244335055534632,-1.7864021400005217,-1.8256738409962696,-2.554855363772242,-2.1200848517013706,-2.01797584992626,0.2611462515689161,11
52,0.24682435989379883,0.0754301211150199,0.0014503955841064452,0.0002008887613791007,0.1,False,lsqr,"{'alpha': 0.1, 'fit_intercept': False, 'solver': 'lsqr'}",-4.776544052269488,-5.0529806434688265,-5.231999154845151,-4.755872596566384,-4.629033588024228,-4.819361769763979,-4.922632439879172,-5.19121374814879,-4.884385947047799,-4.964344550620471,-4.9228368490634296,0.18277100253531603,89
53,0.2195685863494873,0.03532015449996554,0.00974256992340088,0.025070047669275324,0.1,False,sparse_cg,"{'alpha': 0.1, 'fit_intercept': False, 'solver': 'sparse_cg'}",-4.776544052269488,-5.0529806434688265,-5.231999154845151,-4.755872596566384,-4.629033588024227,-4.819361769763979,-4.922632439879172,-5.191213748148791,-4.884385947047799,-4.964344550620471,-4.9228368490634296,0.1827710025353163,89
54,2.2347238779067995,0.3123521304940175,0.01016404628753662,0.026218437662720685,0.1,False,sag,"{'alpha': 0.1, 'fit_intercept': False, 'solver': 'sag'}",-1.8035367330980738,-2.5797452279114896,-2.376783798749192,-2.116813015835031,-1.8524517352930883,-2.1783767910940277,-1.855930461271044,-1.94376699845776,-2.847331219133806,-2.008682414950906,-2.1563418395794423,0.3288523194208365,46
55,2.387231183052063,0.16835840230572358,0.018357729911804198,0.03298516871471581,0.1,False,saga,"{'alpha': 0.1, 'fit_intercept': False, 'solver': 'saga'}",-1.8074060066288236,-2.4454082001642905,-2.3595873492736095,-2.13165068426277,-1.8724171793055377,-2.3297455763218884,-1.888217550477759,-2.0011152224754776,-2.790684725162933,-2.0308126787435348,-2.1657045172816622,0.29515654181555,53
56,0.5067067861557006,0.09112384210470334,0.010445022583007812,0.026120533980594232,1,True,auto,"{'alpha': 1, 'fit_intercept': True, 'solver': 'auto'}",-1.7758346183261444,-2.3230920512395388,-2.2288877766802746,-2.0458486975953005,-1.7893637077869489,-2.065214382340326,-1.819391821977846,-1.8717308495467624,-2.672006961726881,-2.0363316711146635,-2.0627702538334685,0.2683906594425277,16
57,2.2327067136764525,0.19301842434103195,0.019299697875976563,0.03393121686717552,1,True,svd,"{'alpha': 1, 'fit_intercept': True, 'solver': 'svd'}",-1.775834618326145,-2.323092051239537,-2.2288877766802577,-2.045848697595308,-1.7893637077869584,-2.0652143823403377,-1.819391821977847,-1.871730849546761,-2.672006961726881,-2.036331671114668,-2.06277025383347,0.2683906594425254,18
58,0.5414775371551513,0.08868680615724504,0.0014827251434326172,0.0001700117399869393,1,True,cholesky,"{'alpha': 1, 'fit_intercept': True, 'solver': 'cholesky'}",-1.7758346183261444,-2.3230920512395388,-2.2288877766802746,-2.0458486975953005,-1.7893637077869489,-2.065214382340326,-1.819391821977846,-1.8717308495467624,-2.672006961726881,-2.0363316711146635,-2.0627702538334685,0.2683906594425277,16
59,0.2921022415161133,0.027103318746165478,0.0017340660095214843,0.0009765671554376233,1,True,lsqr,"{'alpha': 1, 'fit_intercept': True, 'solver': 'lsqr'}",-2.0969448366318617,-2.787825010517169,-2.7700062058354806,-2.4338527780070973,-2.119991595834293,-2.7468579434264635,-2.3044892330688085,-2.3490207953140754,-2.856091550060374,-2.3688764731447787,-2.48339564218404,0.27021795713857544,77
60,0.4294466257095337,0.04192390572007329,0.018251371383666993,0.03400323620682381,1,True,sparse_cg,"{'alpha': 1, 'fit_intercept': True, 'solver': 'sparse_cg'}",-1.853334370851889,-2.5022872529179474,-2.417657214384806,-2.1995204906137586,-1.9557690178746332,-2.6482010712673762,-1.979935005387179,-2.0793440257768414,-2.919009531578294,-2.100551237193206,-2.265560921784593,0.3265473000606419,61
61,2.2573339223861693,0.2825949735513523,0.011025071144104004,0.026923964982846108,1,True,sag,"{'alpha': 1, 'fit_intercept': True, 'solver': 'sag'}",-1.806283413885749,-2.4023279813069656,-2.3051154318849068,-2.0946030158500935,-1.8971264559649168,-2.1987274032194164,-1.8741799433806248,-1.9412463581341781,-2.7467235457905192,-2.018296814948071,-2.128463036436544,0.2763513364475837,34
62,2.2465540885925295,0.30349013746344783,0.011343121528625488,0.028638522963865334,1,True,saga,"{'alpha': 1, 'fit_intercept': True, 'solver': 'saga'}",-1.7866954038611962,-2.420002513055796,-2.3478575757444426,-2.13514178021714,-1.8737983827884581,-2.347705113129085,-1.880114848117113,-1.9861222435970254,-2.7976592162838783,-2.0348319360204288,-2.1609929012814564,0.298470473845772,49
63,0.5016632556915284,0.10788273970905685,0.018615078926086426,0.034323260119891175,1,False,auto,"{'alpha': 1, 'fit_intercept': False, 'solver': 'auto'}",-1.7756422019785814,-2.323712966772935,-2.2310484350091038,-2.0508186556316375,-1.7775928010937871,-2.0701867636801583,-1.820618358624968,-1.8708301882899487,-2.678472900041715,-2.036032452537673,-2.0634955723660506,0.2712292601356096,22
64,2.1801135301589967,0.12430247303977511,0.010121870040893554,0.026157532200275828,1,False,svd,"{'alpha': 1, 'fit_intercept': False, 'solver': 'svd'}",-1.7756422019785623,-2.3237129667729213,-2.231048435009232,-2.0508186556314754,-1.77759280109278,-2.070186763680401,-1.820618358624766,-1.8708301882900886,-2.678472900042622,-2.0360324525380165,-2.0634955723660866,0.27122926013593607,24
65,0.47066047191619875,0.059954412724281626,0.0014837265014648437,0.0002783985847113802,1,False,cholesky,"{'alpha': 1, 'fit_intercept': False, 'solver': 'cholesky'}",-1.7756422019785814,-2.323712966772935,-2.2310484350091038,-2.0508186556316375,-1.7775928010937871,-2.0701867636801583,-1.820618358624968,-1.8708301882899487,-2.678472900041715,-2.036032452537673,-2.0634955723660506,0.2712292601356096,22
66,0.18447067737579345,0.06990128082915481,0.025845837593078614,0.03757387139747713,1,False,lsqr,"{'alpha': 1, 'fit_intercept': False, 'solver': 'lsqr'}",-4.77653820064,-5.052979371991229,-5.2320018905343,-4.755869987125026,-4.629032115091389,-4.819363744168883,-4.922632672465703,-5.191218049659209,-4.884392070043993,-4.9643403218671525,-4.92283684235869,0.18277261326813013,86
67,0.23876075744628905,0.0426989333098287,0.009546542167663574,0.024395970706757055,1,False,sparse_cg,"{'alpha': 1, 'fit_intercept': False, 'solver': 'sparse_cg'}",-4.776538200639998,-5.052979371991229,-5.2320018905343,-4.755869987125026,-4.6290321150913885,-4.819363744168883,-4.922632672465703,-5.191218049659211,-4.884392070043994,-4.964340321867152,-4.922836842358689,0.18277261326813063,85
68,2.4981018543243407,0.3943270463728081,0.020945119857788085,0.03618723491847822,1,False,sag,"{'alpha': 1, 'fit_intercept': False, 'solver': 'sag'}",-1.7960150340850412,-2.4012321981995046,-2.443162139407777,-2.1257941741844277,-1.8774970576616599,-2.2583788846321515,-1.8985301726455024,-2.0353820658834225,-2.7865324096500825,-2.016996387574389,-2.163952052392396,0.29295869817998993,52
69,2.348305583000183,0.2648819913856469,0.03693711757659912,0.04267035037010204,1,False,saga,"{'alpha': 1, 'fit_intercept': False, 'solver': 'saga'}",-1.791826019226607,-2.439971752383029,-2.358989268405994,-2.133996417789071,-1.8830073596919172,-2.2700989223150554,-1.904456088711412,-2.0073699753478906,-2.7961666515908363,-2.037030609787058,-2.1622913065248874,0.2917929859765287,50
70,0.49409701824188235,0.052297923150686286,0.01889324188232422,0.03503978900042918,10,True,auto,"{'alpha': 10, 'fit_intercept': True, 'solver': 'auto'}",-1.7842898780809333,-2.4085476230272267,-2.3291306282088815,-2.090707024577592,-1.8608986577202016,-2.3189644456430845,-1.8832056845510838,-1.976508127832193,-2.696515457635093,-2.0315757717593397,-2.138034329903563,0.2758392797749379,36
71,2.2135886907577516,0.10351238688366966,0.0016688108444213867,0.000633388984732232,10,True,svd,"{'alpha': 10, 'fit_intercept': True, 'solver': 'svd'}",-1.784289878080934,-2.4085476230272267,-2.329130628208879,-2.090707024577594,-1.8608986577202027,-2.31896444564309,-1.8832056845510843,-1.9765081278321923,-2.6965154576350923,-2.031575771759341,-2.138034329903564,0.27583927977493755,38
72,0.542413854598999,0.10030702044542941,0.027645802497863768,0.04017315415501048,10,True,cholesky,"{'alpha': 10, 'fit_intercept': True, 'solver': 'cholesky'}",-1.7842898780809333,-2.4085476230272267,-2.3291306282088815,-2.090707024577592,-1.8608986577202016,-2.3189644456430845,-1.8832056845510838,-1.976508127832193,-2.696515457635093,-2.0315757717593397,-2.138034329903563,0.2758392797749379,36
73,0.32420532703399657,0.056764577633029605,0.009937024116516114,0.025394713427334636,10,True,lsqr,"{'alpha': 10, 'fit_intercept': True, 'solver': 'lsqr'}",-2.1030686075367204,-2.7890176394365453,-2.7709769561341093,-2.429616130733604,-2.124730730388693,-2.7383567351402114,-2.309472751667843,-2.3592817771165895,-2.8378020245613085,-2.37756076619981,-2.4839884118915436,0.2645277298848777,82
74,0.3885561466217041,0.07630733597941168,0.001422286033630371,0.00030347025745065446,10,True,sparse_cg,"{'alpha': 10, 'fit_intercept': True, 'solver': 'sparse_cg'}",-1.862666892833366,-2.5168817835504886,-2.434630682219969,-2.1917241297213677,-1.961552812125087,-2.6232734682190566,-2.0046367766616986,-2.1011473113313115,-2.846717400817961,-2.116511696096198,-2.2659742953576503,0.3057730346725495,62
75,2.0203028678894044,0.2699464884719862,0.0191939115524292,0.03586255411338749,10,True,sag,"{'alpha': 10, 'fit_intercept': True, 'solver': 'sag'}",-1.7952886903914473,-2.4348723860646855,-2.343462671270172,-2.0939829208325946,-1.900383237770026,-2.3648545429420067,-1.8979064240053962,-1.993909096813232,-2.715202123530457,-2.054078956462182,-2.15939410500822,0.277794248772704,48
76,1.7484723567962646,0.2613516224820593,0.013835573196411132,0.036706979816585286,10,True,saga,"{'alpha': 10, 'fit_intercept': True, 'solver': 'saga'}",-1.8214519471254749,-2.477120913772854,-2.3883360484535427,-2.146653249055253,-1.900089323979404,-2.4387940548502995,-1.952430488592353,-2.0417698684929886,-2.7250933375453688,-2.068095828192937,-2.1959835060060477,0.28011922913677045,58
77,0.44096338748931885,0.04723801038565121,0.0017272710800170898,0.0007658959195795211,10,False,auto,"{'alpha': 10, 'fit_intercept': False, 'solver': 'auto'}",-1.7841211644682993,-2.4101681963350954,-2.330975252782069,-2.0962764761141295,-1.8513108215403942,-2.3234597860700985,-1.8863933408194995,-1.9762432563474097,-2.709029118669091,-2.029452132921006,-2.1397429546067093,0.2796729778203804,39
78,1.9493697881698608,0.11111490135055373,0.01064910888671875,0.026611342239488925,10,False,svd,"{'alpha': 10, 'fit_intercept': False, 'solver': 'svd'}",-1.784121164468254,-2.410168196335074,-2.3309752527820593,-2.0962764761141113,-1.851310821540249,-2.3234597860701958,-1.8863933408195042,-1.9762432563474301,-2.709029118669335,-2.029452132921006,-2.1397429546067217,0.27967297782045314,41
79,0.45284113883972166,0.06496906583875248,0.021971702575683594,0.04164355426437073,10,False,cholesky,"{'alpha': 10, 'fit_intercept': False, 'solver': 'cholesky'}",-1.7841211644682993,-2.4101681963350954,-2.330975252782069,-2.0962764761141295,-1.8513108215403942,-2.3234597860700985,-1.8863933408194995,-1.9762432563474097,-2.709029118669091,-2.029452132921006,-2.1397429546067093,0.2796729778203804,39
80,0.22687673568725586,0.08054056012488982,0.022328901290893554,0.0420650752917683,10,False,lsqr,"{'alpha': 10, 'fit_intercept': False, 'solver': 'lsqr'}",-4.776479761090571,-5.052966729689581,-5.232029315857118,-4.755843966148201,-4.629017458042807,-4.819383557192397,-4.922635069185472,-5.191261131664354,-4.884453365196301,-4.9642981093151075,-4.922836846338192,0.18278872223882814,88
81,0.24130046367645264,0.062036536141527515,0.0015923500061035157,0.0009564913438166494,10,False,sparse_cg,"{'alpha': 10, 'fit_intercept': False, 'solver': 'sparse_cg'}",-4.776479761090569,-5.052966729689582,-5.232029315857119,-4.7558439661482,-4.6290174580428065,-4.819383557192398,-4.922635069185472,-5.191261131664355,-4.884453365196301,-4.964298109315107,-4.922836846338191,0.18278872223882875,87
82,1.9000942945480346,0.3292761465014638,0.019737672805786134,0.03497250090630506,10,False,sag,"{'alpha': 10, 'fit_intercept': False, 'solver': 'sag'}",-1.8061717820135161,-2.4486542692320676,-2.3663787886259775,-2.1219399286199874,-1.8697486377576549,-2.599228928039008,-1.894450638882491,-2.008278583214035,-2.7422030865495874,-2.0299749414291823,-2.1887029584363504,0.31159084968000583,57
83,1.896951150894165,0.4299244558707478,0.00230562686920166,0.0010333829379982084,10,False,saga,"{'alpha': 10, 'fit_intercept': False, 'solver': 'saga'}",-1.8079117470417578,-2.491300375261799,-2.411387347083824,-2.1438594955439996,-1.9003878015943372,-2.43451490154735,-1.9876581312733081,-2.0493078496022425,-2.7560319221201817,-2.063453322127375,-2.2045812893196177,0.2875054759316278,60
84,0.5205486297607422,0.05639935296645557,0.010044050216674805,0.026163452411552622,100,True,auto,"{'alpha': 100, 'fit_intercept': True, 'solver': 'auto'}",-2.108842556425829,-2.742395256806338,-2.7085793404328733,-2.3520096114589992,-2.161386595529206,-2.6501034228869744,-2.2915950401729543,-2.3997293766854164,-2.7175782696252933,-2.3869980470069203,-2.4519217517030802,0.2246859070284782,70
85,2.3908182621002196,0.16294089332894682,0.010867643356323241,0.02591458279216663,100,True,svd,"{'alpha': 100, 'fit_intercept': True, 'solver': 'svd'}",-2.10884255642583,-2.7423952568063372,-2.708579340432873,-2.3520096114589983,-2.161386595529207,-2.650103422886976,-2.291595040172954,-2.399729376685416,-2.7175782696252933,-2.3869980470069208,-2.4519217517030802,0.22468590702847804,70
86,0.5474362134933471,0.047528520752509504,0.010503220558166503,0.0261147949149075,100,True,cholesky,"{'alpha': 100, 'fit_intercept': True, 'solver': 'cholesky'}",-2.108842556425829,-2.742395256806338,-2.7085793404328733,-2.3520096114589992,-2.161386595529206,-2.6501034228869744,-2.2915950401729543,-2.3997293766854164,-2.7175782696252933,-2.3869980470069203,-2.4519217517030802,0.2246859070284782,70
87,0.4088743686676025,0.02982029485549454,0.0013633012771606446,0.0002593145172390907,100,True,lsqr,"{'alpha': 100, 'fit_intercept': True, 'solver': 'lsqr'}",-2.2331978024279535,-2.869823972745846,-2.864613322052824,-2.4851675183267217,-2.2427318028321968,-2.7536100514995367,-2.4309034546260793,-2.5200119888205568,-2.7997127728535123,-2.516599369851074,-2.57163720560363,0.22706392258052305,84
88,0.47904629707336427,0.08457963457472886,0.0014866828918457032,0.00038935750032966177,100,True,sparse_cg,"{'alpha': 100, 'fit_intercept': True, 'solver': 'sparse_cg'}",-2.134271874263338,-2.7938809154409228,-2.7511451527958477,-2.3893301426712132,-2.1929297411243494,-2.688803334061351,-2.3304962232641744,-2.449004760242189,-2.741435933825757,-2.401558273362595,-2.4872856351051738,0.2287096806198761,83
89,1.5239542961120605,0.1643760058491992,0.009487199783325195,0.024268952248572753,100,True,sag,"{'alpha': 100, 'fit_intercept': True, 'solver': 'sag'}",-2.095302530989993,-2.7336179325589494,-2.7033206218360726,-2.3522985042366833,-2.1667042951331803,-2.6454953197401156,-2.2843941741677996,-2.4179923407577246,-2.7225036594171232,-2.377609753538546,-2.4499239132376185,0.2250310059603907,69
90,1.5499987840652465,0.18867758949739655,0.019737935066223143,0.03459095719975845,100,True,saga,"{'alpha': 100, 'fit_intercept': True, 'solver': 'saga'}",-2.0901592227604775,-2.725017821478461,-2.6880307657684894,-2.3235494754812516,-2.149261329526991,-2.6200621848524626,-2.248203201084494,-2.3700342622895265,-2.7131807066127958,-2.3622359771938144,-2.4289734947048762,0.22733134372021171,67
91,0.45158488750457765,0.0498039931304999,0.04519951343536377,0.043673813124835995,100,False,auto,"{'alpha': 100, 'fit_intercept': False, 'solver': 'auto'}",-2.1124148550719517,-2.742685484343245,-2.714111608997046,-2.3575208299573847,-2.151921052674136,-2.6519785068723962,-2.297901846777226,-2.3989196184094785,-2.7311627948802983,-2.3825289586254206,-2.4541145556608583,0.22732374586937198,74
92,2.041131281852722,0.12881497156118696,0.010750412940979004,0.026115938879703433,100,False,svd,"{'alpha': 100, 'fit_intercept': False, 'solver': 'svd'}",-2.1124148550719317,-2.7426854843432356,-2.714111608997035,-2.3575208299573798,-2.1519210526741195,-2.6519785068723736,-2.297901846777245,-2.398919618409473,-2.731162794880324,-2.3825289586253993,-2.4541145556608517,0.22732374586937562,73
93,0.4296146631240845,0.04041078429923947,0.010085296630859376,0.026172892569717412,100,False,cholesky,"{'alpha': 100, 'fit_intercept': False, 'solver': 'cholesky'}",-2.1124148550719517,-2.742685484343245,-2.714111608997046,-2.3575208299573847,-2.151921052674136,-2.6519785068723962,-2.297901846777226,-2.3989196184094785,-2.7311627948802983,-2.3825289586254206,-2.4541145556608583,0.22732374586937198,74
94,0.28869545459747314,0.05070169115921975,0.01885058879852295,0.03488156049797734,100,False,lsqr,"{'alpha': 100, 'fit_intercept': False, 'solver': 'lsqr'}",-4.775903027477952,-5.052847541839734,-5.232310400358088,-4.755591087726521,-4.6288781033266275,-4.819588572980485,-4.922666109737181,-5.191698630101005,-4.885072824206693,-4.963883469433904,-4.922843976718819,0.1829499754225261,97
95,0.2581125020980835,0.04366826089498353,0.0013489484786987304,0.0002907953096315498,100,False,sparse_cg,"{'alpha': 100, 'fit_intercept': False, 'solver': 'sparse_cg'}",-4.77590302747795,-5.052847541839734,-5.232310400358089,-4.755591087726521,-4.6288781033266275,-4.819588572980485,-4.92266610973718,-5.191698630101006,-4.885072824206693,-4.9638834694339025,-4.922843976718819,0.1829499754225265,97
96,1.0942514896392823,0.10078330024219413,0.011455321311950683,0.025938431127285295,100,False,sag,"{'alpha': 100, 'fit_intercept': False, 'solver': 'sag'}",-2.1266999517440133,-2.755018862021345,-2.7235416455169066,-2.354089956690388,-2.160376703400901,-2.6529354771959666,-2.328769075034992,-2.4092209060230245,-2.7353597564344776,-2.364932775049083,-2.4610945109111095,0.22592991629521625,76
97,1.0183098793029786,0.0765948706865831,0.00103607177734375,0.00011452335130587434,100,False,saga,"{'alpha': 100, 'fit_intercept': False, 'solver': 'saga'}",-2.1018347800805404,-2.7299720514932635,-2.6988177567771707,-2.3477128343208205,-2.1658928130676713,-2.6117181171838517,-2.281547156687594,-2.380686176875582,-2.720948489731357,-2.3463978035808988,-2.4385527979798747,0.22245512688340846,68
