,mean_fit_time,std_fit_time,mean_score_time,std_score_time,param_alpha,param_fit_intercept,param_solver,params,split0_test_score,split1_test_score,split2_test_score,split3_test_score,split4_test_score,split5_test_score,split6_test_score,split7_test_score,split8_test_score,split9_test_score,mean_test_score,std_test_score,rank_test_score
0,0.14488346576690675,0.038439539752858555,0.005108523368835449,0.005813057874491701,0.0001,True,auto,"{'alpha': 0.0001, 'fit_intercept': True, 'solver': 'auto'}",-1.8864335330764714,-1.7870005572136058,-1.8218598456589712,-1.5947178714973314,-2.142784113552814,-1.7689111769211638,-1.9099804031818064,-1.826155952001783,-1.8603781179978915,-2.0823447767916936,-1.8680566347893532,0.14783526891355492,17
1,2.013819932937622,0.25896708473570995,0.0026016712188720705,0.0007992156414143583,0.0001,True,svd,"{'alpha': 0.0001, 'fit_intercept': True, 'solver': 'svd'}",-1.886433533075816,-1.7870005572139784,-1.8218598456591788,-1.59471787149758,-2.142784113541435,-1.768911176921202,-1.909980403181796,-1.826155952002459,-1.8603781179980416,-2.0823447767916616,-1.868056634788315,0.14783526891133184,16
2,0.22881133556365968,0.043800467436616766,0.010405349731445312,0.004586729950689093,0.0001,True,cholesky,"{'alpha': 0.0001, 'fit_intercept': True, 'solver': 'cholesky'}",-1.8864335330764714,-1.7870005572136058,-1.8218598456589712,-1.5947178714973314,-2.142784113552814,-1.7689111769211638,-1.9099804031818064,-1.826155952001783,-1.8603781179978915,-2.0823447767916936,-1.8680566347893532,0.14783526891355492,17
3,0.30646677017211915,0.04134224973397612,0.010509991645812988,0.008193985620737478,0.0001,True,lsqr,"{'alpha': 0.0001, 'fit_intercept': True, 'solver': 'lsqr'}",-2.5994643980562304,-2.2932570174745095,-2.6710909221757975,-2.5219132430553537,-2.9748349874252806,-2.589209497570744,-2.8092091867807127,-2.4959806049836897,-2.7751726519689344,-2.528224398971612,-2.6258356908462863,0.18155208393834876,82
4,0.3473860263824463,0.059242455817161324,0.006598806381225586,0.008000278252213496,0.0001,True,sparse_cg,"{'alpha': 0.0001, 'fit_intercept': True, 'solver': 'sparse_cg'}",-2.0666538004895667,-1.8881512708914325,-2.1373121310759777,-1.9142404883792699,-2.37241858933097,-2.030974640028125,-2.1263586593743775,-1.9634869588613548,-2.1569147362412617,-2.1420872960836133,-2.079859857075595,0.13459271745152257,63
5,0.3321892261505127,0.07586851180701214,0.002102160453796387,0.0009447054795607957,0.0001,True,sag,"{'alpha': 0.0001, 'fit_intercept': True, 'solver': 'sag'}",-1.9923311185205013,-1.801697491315916,-1.9810938825979658,-1.7969819531798916,-2.2561612898472743,-2.004687947248913,-1.930769642297444,-1.7539041378616145,-2.0631534393087567,-2.0938770855659965,-1.9674657987744273,0.14634534019070636,51
6,0.2690707206726074,0.05970980447556991,0.0038055658340454103,0.001329743079602789,0.0001,True,saga,"{'alpha': 0.0001, 'fit_intercept': True, 'solver': 'saga'}",-1.9596754096491276,-1.80233771517382,-1.9798946119567093,-1.79651688677119,-2.211809312663259,-1.9172883507853709,-1.9311737098583373,-1.7368241219285778,-2.0390418534025123,-2.0525849601441233,-1.942714693233303,0.1340456783802679,31
7,0.11616253852844238,0.007799269644686364,0.004198789596557617,0.0020858281085435752,0.0001,False,auto,"{'alpha': 0.0001, 'fit_intercept': False, 'solver': 'auto'}",-1.886499673513869,-1.785391368535118,-1.8214242200925586,-1.5942435240872401,-2.139899301299377,-1.7691329412334913,-1.9102237722535254,-1.8232856429504352,-1.8607556801406875,-2.0821240344597136,-1.8672980158566017,0.14753343207654207,14
8,1.9192854404449462,0.0931467320344982,0.0029572963714599608,0.0017665527749756492,0.0001,False,svd,"{'alpha': 0.0001, 'fit_intercept': False, 'solver': 'svd'}",-1.8864996734910622,-1.7853913685494889,-1.8214242200975337,-1.5942435240882935,-2.1398992988667325,-1.7691329412326002,-1.9102237722418927,-1.8232856429359856,-1.860755680135732,-2.082124034435043,-1.8672980156074364,0.14753343162219332,13
9,0.1622363805770874,0.020567376404981758,0.004652142524719238,0.00396077734915107,0.0001,False,cholesky,"{'alpha': 0.0001, 'fit_intercept': False, 'solver': 'cholesky'}",-1.886499673513869,-1.785391368535118,-1.8214242200925586,-1.5942435240872401,-2.139899301299377,-1.7691329412334913,-1.9102237722535254,-1.8232856429504352,-1.8607556801406875,-2.0821240344597136,-1.8672980158566017,0.14753343207654207,14
10,0.197084379196167,0.024493109227862832,0.008799982070922852,0.003597720945614713,0.0001,False,lsqr,"{'alpha': 0.0001, 'fit_intercept': False, 'solver': 'lsqr'}",-4.620913981384627,-4.683379653925168,-4.992539256340511,-4.420234908995338,-5.308838652941164,-4.949785543201874,-5.084866642023578,-4.930500892262589,-4.91920997733021,-4.421834338356768,-4.833210384676184,0.27435159137431075,95
11,0.21876027584075927,0.022120042319266956,0.007202863693237305,0.002366456022137125,0.0001,False,sparse_cg,"{'alpha': 0.0001, 'fit_intercept': False, 'solver': 'sparse_cg'}",-4.620913981384628,-4.683379653925168,-4.992539256340511,-4.420234908995338,-5.308838652941164,-4.949785543201875,-5.084866642023579,-4.9305008922625895,-4.91920997733021,-4.421834338356767,-4.833210384676184,0.274351591374311,95
12,0.44351460933685305,0.09390319120886077,0.002299928665161133,0.0009008622535436717,0.0001,False,sag,"{'alpha': 0.0001, 'fit_intercept': False, 'solver': 'sag'}",-2.072509293815833,-1.810447569437154,-2.214593000755471,-1.8841768083641044,-2.206948729029066,-1.9331174801918942,-1.9271496037090485,-1.727051214366787,-2.1030062240975766,-2.12383149825507,-2.0002831422022007,0.15928147334351447,55
13,0.2626049041748047,0.02559065926335422,0.005399727821350097,0.007951372399202225,0.0001,False,saga,"{'alpha': 0.0001, 'fit_intercept': False, 'solver': 'saga'}",-1.9821471546792975,-1.8071927532357426,-1.9847980814844197,-1.8237504427499263,-2.1786993023619585,-1.959527874358394,-1.9362870128916978,-1.780105817130354,-2.0325440768933136,-2.0793246730305794,-1.9564377188815683,0.11964421865801361,46
14,0.13560116291046143,0.025016793748461615,0.004600000381469726,0.0030707965202464945,0.001,True,auto,"{'alpha': 0.001, 'fit_intercept': True, 'solver': 'auto'}",-1.8771693397370601,-1.7940436432436087,-1.8121060092051604,-1.598858874258939,-2.128735538042542,-1.7706036389653543,-1.90046242725717,-1.817646916965902,-1.8576231181268075,-2.0444055714751332,-1.8601655077277677,0.1388473370277097,10
15,1.97213294506073,0.1744583107563344,0.002551770210266113,0.0006481296918262443,0.001,True,svd,"{'alpha': 0.001, 'fit_intercept': True, 'solver': 'svd'}",-1.8771693397370055,-1.7940436432438067,-1.8121060092051557,-1.598858874258989,-2.128735538042513,-1.770603638965414,-1.9004624272571924,-1.8176469169660907,-1.857623118126811,-2.0444055714751115,-1.8601655077278085,0.13884733702767285,12
16,0.20648112297058105,0.023675006636451213,0.0064121723175048825,0.0050710584932793295,0.001,True,cholesky,"{'alpha': 0.001, 'fit_intercept': True, 'solver': 'cholesky'}",-1.8771693397370601,-1.7940436432436087,-1.8121060092051604,-1.598858874258939,-2.128735538042542,-1.7706036389653543,-1.90046242725717,-1.817646916965902,-1.8576231181268075,-2.0444055714751332,-1.8601655077277677,0.1388473370277097,10
17,0.3062631845474243,0.041040407098041874,0.00954732894897461,0.004522170367313342,0.001,True,lsqr,"{'alpha': 0.001, 'fit_intercept': True, 'solver': 'lsqr'}",-2.599464318761195,-2.2932572412300507,-2.6710909130082525,-2.521912997597404,-2.9748350381764825,-2.5892094235986374,-2.809209410744278,-2.4959807449608054,-2.7751726993954318,-2.528224001293475,-2.6258356788766015,0.18155210706271835,81
18,0.40120878219604494,0.07996664352407296,0.00430607795715332,0.0011937325788099497,0.001,True,sparse_cg,"{'alpha': 0.001, 'fit_intercept': True, 'solver': 'sparse_cg'}",-2.0666536156459427,-1.8881509606274958,-2.1373123007097363,-1.914240973664234,-2.37241870210834,-2.030974738840447,-2.126360404229381,-1.9634862351775653,-2.156914915839095,-2.1420834130357442,-2.0798596259877984,0.13459268552186254,62
19,0.342475962638855,0.04876965154496489,0.0036022424697875976,0.0031051792138999538,0.001,True,sag,"{'alpha': 0.001, 'fit_intercept': True, 'solver': 'sag'}",-1.9671297357284419,-1.8145336625327038,-1.993420831622275,-1.8212715668042367,-2.271081972980531,-1.9644272648397227,-1.9320844847627712,-1.7625097606220976,-2.045769871348727,-2.023515728405454,-1.9595744879646961,0.13767207118367733,47
20,0.254101824760437,0.02363159222446314,0.0028052330017089844,0.0016677456092795424,0.001,True,saga,"{'alpha': 0.001, 'fit_intercept': True, 'solver': 'saga'}",-1.96521149533917,-1.7958961855389435,-1.986325356229012,-1.79787001700375,-2.202742453410406,-1.9179180828893152,-1.9596628096840214,-1.7395463922952645,-2.0476078478845094,-2.067727300677536,-1.9480507940951928,0.1345672849390641,34
21,0.12564456462860107,0.029421789760142654,0.00450429916381836,0.00229519504686209,0.001,False,auto,"{'alpha': 0.001, 'fit_intercept': False, 'solver': 'auto'}",-1.8802942908989402,-1.7883562586265882,-1.8141731029669759,-1.5977245529953095,-2.1125766099777152,-1.7716467400468847,-1.901524196980649,-1.8106026232640409,-1.8610397071204103,-2.0477412644613637,-1.858567934733888,0.13690367270197695,8
22,1.8595935583114624,0.0866261867070747,0.0025006532669067383,0.0012839411137985516,0.001,False,svd,"{'alpha': 0.001, 'fit_intercept': False, 'solver': 'svd'}",-1.8802942908928593,-1.7883562586269293,-1.8141731029648103,-1.597724552996514,-2.112576609845397,-1.7716467400497011,-1.9015241969791967,-1.8106026232591674,-1.8610397071186517,-2.047741264446384,-1.8585679347179611,0.1369036726750269,7
23,0.15598273277282715,0.016116824462751294,0.004655098915100098,0.0021013569828750825,0.001,False,cholesky,"{'alpha': 0.001, 'fit_intercept': False, 'solver': 'cholesky'}",-1.8802942908989402,-1.7883562586265882,-1.8141731029669759,-1.5977245529953095,-2.1125766099777152,-1.7716467400468847,-1.901524196980649,-1.8106026232640409,-1.8610397071204103,-2.0477412644613637,-1.858567934733888,0.13690367270197695,8
24,0.1837376356124878,0.03007623767135021,0.00879979133605957,0.003993655281883874,0.001,False,lsqr,"{'alpha': 0.001, 'fit_intercept': False, 'solver': 'lsqr'}",-4.620913978941042,-4.683379653236092,-4.992539260166755,-4.420234905169656,-5.308838659218847,-4.949785547332184,-5.084866641475705,-4.930500888596995,-4.9192099765811435,-4.421834335976208,-4.833210384669463,0.27435159381616675,93
25,0.21030709743499756,0.02235307296487963,0.005856919288635254,0.001091816603949588,0.001,False,sparse_cg,"{'alpha': 0.001, 'fit_intercept': False, 'solver': 'sparse_cg'}",-4.620913978941042,-4.683379653236092,-4.992539260166755,-4.420234905169656,-5.308838659218847,-4.949785547332185,-5.084866641475706,-4.930500888596995,-4.9192099765811435,-4.421834335976207,-4.833210384669463,0.274351593816167,93
26,0.3876077651977539,0.07328415705524272,0.0020016908645629885,0.000633820463974155,0.001,False,sag,"{'alpha': 0.001, 'fit_intercept': False, 'solver': 'sag'}",-2.0427231076091017,-1.865029123454653,-2.041997589952423,-1.8280385760477462,-2.1939485826221894,-1.9689869054184759,-2.256016187467606,-1.7897737408130776,-2.0253451663579303,-2.1303400932458376,-2.014219907298904,0.14673207661983856,57
27,0.24915833473205568,0.035689733641981275,0.002899956703186035,0.0011344795390919112,0.001,False,saga,"{'alpha': 0.001, 'fit_intercept': False, 'solver': 'saga'}",-1.9704669085239395,-1.8163226370421859,-1.9903327921729352,-1.8011970195575615,-2.2062906912810463,-1.9445339309618883,-1.944653601418297,-1.7629501766576186,-2.039645228945566,-2.0716915760785564,-1.9548084562639594,0.12860890474921202,45
28,0.1291654109954834,0.03121885288188827,0.0033968210220336912,0.0013558359953814978,0.01,True,auto,"{'alpha': 0.01, 'fit_intercept': True, 'solver': 'auto'}",-1.8887808563209503,-1.78829457520476,-1.8340043675011477,-1.6256967859811318,-2.08971954363476,-1.7881925633634106,-1.8890470473119532,-1.750569424832955,-1.8855513856411288,-2.003879159138255,-1.854373570893045,0.12382546255305907,1
29,2.2140291929244995,0.10771639200613693,0.002553892135620117,0.0006491496327247245,0.01,True,svd,"{'alpha': 0.01, 'fit_intercept': True, 'solver': 'svd'}",-1.8887808563209487,-1.788294575204783,-1.834004367501127,-1.6256967859811493,-2.089719543634756,-1.7881925633634133,-1.8890470473119685,-1.7505694248329915,-1.8855513856411876,-2.0038791591382887,-1.854373570893061,0.12382546255305696,3
30,0.19636099338531493,0.014873891190197618,0.004397916793823242,0.0026897554536100825,0.01,True,cholesky,"{'alpha': 0.01, 'fit_intercept': True, 'solver': 'cholesky'}",-1.8887808563209503,-1.78829457520476,-1.8340043675011477,-1.6256967859811318,-2.08971954363476,-1.7881925633634106,-1.8890470473119532,-1.750569424832955,-1.8855513856411288,-2.003879159138255,-1.854373570893045,0.12382546255305907,1
31,0.2924503803253174,0.03189707817157285,0.00715334415435791,0.0016734089086440367,0.01,True,lsqr,"{'alpha': 0.01, 'fit_intercept': True, 'solver': 'lsqr'}",-2.5994635260542474,-2.2932594789955436,-2.671090821601435,-2.521910543279045,-2.9748355459567026,-2.5892086841611586,-2.8092116505793734,-2.495982144979212,-2.775173173903578,-2.5282200248365148,-2.625835559434681,0.18155233831754403,80
32,0.42579145431518556,0.03787914620933169,0.006256413459777832,0.0036897296096009215,0.01,True,sparse_cg,"{'alpha': 0.01, 'fit_intercept': True, 'solver': 'sparse_cg'}",-2.0666517719203,-1.8881478625691608,-2.1373140014558967,-1.9142458302813898,-2.372419834933021,-2.030975733199083,-2.126377856003429,-1.9634790044361583,-2.1569167171031283,-2.1420445946301414,-2.079857320653171,0.13459236732545768,61
33,0.40143618583679197,0.03061587697626502,0.001800847053527832,0.0007497193896118592,0.01,True,sag,"{'alpha': 0.01, 'fit_intercept': True, 'solver': 'sag'}",-1.9792854116302605,-1.8114124062855177,-1.9739774131118193,-1.7882823583270198,-2.2727613702306746,-1.937630269179353,-1.9289591101087498,-1.74811258050711,-2.0678359221515374,-2.038565163550124,-1.9546822005082167,0.14622950889351066,44
34,0.3633957147598267,0.03769537588743347,0.0029002904891967775,0.0011361068187840289,0.01,True,saga,"{'alpha': 0.01, 'fit_intercept': True, 'solver': 'saga'}",-1.9665683897028896,-1.796060513539924,-1.9860316671065983,-1.793916347544167,-2.191084363135865,-1.9250933930179317,-1.9669558915030225,-1.7413478124032422,-2.0382014067695042,-2.0924698622234,-1.9497729646946542,0.134266207900837,36
35,0.1344778060913086,0.020046156367006834,0.003356146812438965,0.0022444782046548957,0.01,False,auto,"{'alpha': 0.01, 'fit_intercept': False, 'solver': 'auto'}",-1.8946673931464375,-1.7837325675596754,-1.842707026477779,-1.6313352856993562,-2.058174156110228,-1.7924699941390805,-1.8942810128627425,-1.7496216756698981,-1.9008120118333687,-2.0186668820495317,-1.8566468005548096,0.11980207359159223,5
36,2.070936393737793,0.07042042233366821,0.0022006988525390624,0.00040122261499165354,0.01,False,svd,"{'alpha': 0.01, 'fit_intercept': False, 'solver': 'svd'}",-1.8946673931456577,-1.7837325675609688,-1.842707026476377,-1.6313352856988037,-2.058174156097155,-1.792469994140712,-1.8942810128619354,-1.7496216756656375,-1.9008120118339882,-2.0186668820422713,-1.8566468005523507,0.11980207358871865,4
37,0.16884911060333252,0.019844586583618592,0.0036533355712890627,0.0017595192112941232,0.01,False,cholesky,"{'alpha': 0.01, 'fit_intercept': False, 'solver': 'cholesky'}",-1.8946673931464375,-1.7837325675596754,-1.842707026477779,-1.6313352856993562,-2.058174156110228,-1.7924699941390805,-1.8942810128627425,-1.7496216756698981,-1.9008120118333687,-2.0186668820495317,-1.8566468005548096,0.11980207359159223,5
38,0.15149326324462892,0.04004988427419099,0.007404398918151855,0.004849620354201341,0.01,False,lsqr,"{'alpha': 0.01, 'fit_intercept': False, 'solver': 'lsqr'}",-4.620913954505229,-4.683379646345385,-4.992539298429229,-4.4202348669128915,-5.308838721995726,-4.9497855886353355,-5.084866635997026,-4.930500851941095,-4.919209969090532,-4.4218343121706525,-4.83321038460231,0.27435161823472776,91
39,0.24458677768707277,0.020827449984866086,0.007203745841979981,0.00139465127119754,0.01,False,sparse_cg,"{'alpha': 0.01, 'fit_intercept': False, 'solver': 'sparse_cg'}",-4.62091395450523,-4.683379646345384,-4.9925392984292305,-4.4202348669128915,-5.308838721995726,-4.949785588635336,-5.084866635997026,-4.930500851941095,-4.919209969090532,-4.421834312170652,-4.83321038460231,0.27435161823472803,91
40,0.531721544265747,0.1182750453745588,0.0022206544876098634,0.0005974426553663361,0.01,False,sag,"{'alpha': 0.01, 'fit_intercept': False, 'solver': 'sag'}",-2.0619798105799165,-1.808853991605094,-2.007103368117745,-2.142742799651062,-2.2699289675866865,-2.144032767827802,-1.9240614963075071,-1.7760332415645448,-2.1179614235426216,-2.0598349968572336,-2.031253286364021,0.14767076701939053,58
41,0.354559063911438,0.03318504347975807,0.0033573150634765626,0.0012302484123909128,0.01,False,saga,"{'alpha': 0.01, 'fit_intercept': False, 'solver': 'saga'}",-1.9691145516893755,-1.7953187050080868,-1.995760047434685,-1.8067849842977253,-2.2571036976764898,-1.9286869367804849,-1.9861936332797185,-1.7423131031712193,-2.0580227538183267,-2.103866710436122,-1.9643165123592237,0.14812197690647597,50
42,0.14613425731658936,0.027287253118987238,0.003200221061706543,0.0016012603676438444,0.1,True,auto,"{'alpha': 0.1, 'fit_intercept': True, 'solver': 'auto'}",-1.9310991308275562,-1.7894961068569095,-1.8891199005336183,-1.7157802229532262,-2.088871588124458,-1.8457949874534527,-1.8978428251125983,-1.7116995543806282,-1.9543178922228663,-1.9959997180046882,-1.8820021926470005,0.11411972184714754,19
43,2.3187341928482055,0.2604334616848275,0.003000807762145996,0.0007751313473020646,0.1,True,svd,"{'alpha': 0.1, 'fit_intercept': True, 'solver': 'svd'}",-1.9310991308275631,-1.789496106856921,-1.8891199005336123,-1.7157802229532404,-2.088871588124464,-1.8457949874534494,-1.8978428251125992,-1.7116995543806328,-1.954317892222899,-1.995999718004675,-1.8820021926470054,0.114119721847146,21
44,0.21917438507080078,0.020167401173759026,0.003905057907104492,0.001970813985121823,0.1,True,cholesky,"{'alpha': 0.1, 'fit_intercept': True, 'solver': 'cholesky'}",-1.9310991308275562,-1.7894961068569095,-1.8891199005336183,-1.7157802229532262,-2.088871588124458,-1.8457949874534527,-1.8978428251125983,-1.7116995543806282,-1.9543178922228663,-1.9959997180046882,-1.8820021926470005,0.11411972184714754,19
45,0.2848217487335205,0.027914711231703863,0.0064562797546386715,0.001353182297070951,0.1,True,lsqr,"{'alpha': 0.1, 'fit_intercept': True, 'solver': 'lsqr'}",-2.5994556233189825,-2.2932818776525905,-2.67108993438861,-2.521886026203112,-2.9748406505713945,-2.5892013181375253,-2.8092340688682906,-2.4959961698812174,-2.7751779432958,-2.5281802926995374,-2.6258343905017063,0.18155465197825243,79
46,0.4236408472061157,0.07209480776058799,0.005556464195251465,0.002728504338521872,0.1,True,sparse_cg,"{'alpha': 0.1, 'fit_intercept': True, 'solver': 'sparse_cg'}",-2.066633804994606,-1.888117339520838,-2.137331448947245,-1.9142947725674897,-2.372431667370711,-2.030986299218433,-2.126552695567777,-1.9634073057770671,-2.1569352574671785,-2.1416576156162397,-2.0798348207047583,0.13458929501177533,60
47,0.42836105823516846,0.08026892432584369,0.002402210235595703,0.0009160205399255348,0.1,True,sag,"{'alpha': 0.1, 'fit_intercept': True, 'solver': 'sag'}",-1.961713574642932,-1.7971669668965617,-1.9583666971275544,-1.7919593540835352,-2.2275195092618234,-1.9584376501861576,-1.9175505235975865,-1.755207215792788,-2.0632807597713034,-2.0313979733383043,-1.9462600224698547,0.13562660017831768,32
48,0.3688868284225464,0.03611744153502486,0.003399157524108887,0.001427333689501039,0.1,True,saga,"{'alpha': 0.1, 'fit_intercept': True, 'solver': 'saga'}",-1.9658764994845703,-1.7984917694465268,-1.980251916303064,-1.7953320444680214,-2.2135532665016737,-1.9117993083974802,-1.940873584376319,-1.7445563662094383,-2.044550155786102,-2.0795879673007125,-1.9474872878273906,0.13672007655179258,33
49,0.13227128982543945,0.01745652630222964,0.002300596237182617,0.0004586129233254978,0.1,False,auto,"{'alpha': 0.1, 'fit_intercept': False, 'solver': 'auto'}",-1.935263924210897,-1.789633513559568,-1.8933186577943175,-1.7219803702466556,-2.0694491543254214,-1.848769723859729,-1.900510881350777,-1.713021353546142,-1.9632603119749645,-2.0062064645609237,-1.8841414355429393,0.1114564966410387,23
50,2.121812033653259,0.09679345913652727,0.0026019811630249023,0.0006651697297349553,0.1,False,svd,"{'alpha': 0.1, 'fit_intercept': False, 'solver': 'svd'}",-1.9352639242109353,-1.7896335135598842,-1.8933186577942285,-1.7219803702459955,-2.069449154324497,-1.8487697238596341,-1.900510881350914,-1.7130213535458585,-1.963260311975673,-2.006206464559074,-1.8841414355426696,0.11145649664085149,22
51,0.16218957901000977,0.03613111379238249,0.0027995586395263674,0.000747547688263908,0.1,False,cholesky,"{'alpha': 0.1, 'fit_intercept': False, 'solver': 'cholesky'}",-1.935263924210897,-1.789633513559568,-1.8933186577943175,-1.7219803702466556,-2.0694491543254214,-1.848769723859729,-1.900510881350777,-1.713021353546142,-1.9632603119749645,-2.0062064645609237,-1.8841414355429393,0.1114564966410387,23
52,0.15144495964050292,0.03761176823468245,0.0068005800247192385,0.0022308225106105603,0.1,False,lsqr,"{'alpha': 0.1, 'fit_intercept': False, 'solver': 'lsqr'}",-4.620913710151678,-4.683379577442768,-4.992539681058091,-4.420234484349943,-5.308839349768456,-4.949786001670944,-5.084866581214659,-4.930500485386707,-4.919209894188888,-4.421834074119683,-4.833210383935182,0.27435186242025733,89
53,0.22475912570953369,0.01830177482495597,0.007901978492736817,0.0033679536424324435,0.1,False,sparse_cg,"{'alpha': 0.1, 'fit_intercept': False, 'solver': 'sparse_cg'}",-4.620913710151678,-4.683379577442768,-4.992539681058091,-4.420234484349943,-5.308839349768456,-4.949786001670944,-5.084866581214659,-4.930500485386708,-4.919209894188888,-4.421834074119682,-4.833210383935182,0.2743518624202575,89
54,0.4922545671463013,0.09042205538137493,0.0025020837783813477,0.0006727044345036887,0.1,False,sag,"{'alpha': 0.1, 'fit_intercept': False, 'solver': 'sag'}",-1.9808303985306743,-2.0278343005065964,-2.094113188303429,-2.169403882895831,-2.2304902596699954,-2.0918215402619444,-1.9521209683327378,-3.1932018463682805,-2.1266545454831842,-2.151545167332305,-2.2018016097684976,0.340300691616789,66
55,0.3553895950317383,0.05376796858291727,0.0032005548477172852,0.00116675029648709,0.1,False,saga,"{'alpha': 0.1, 'fit_intercept': False, 'solver': 'saga'}",-1.984793477455853,-1.8270852455452897,-2.013116372479448,-1.8018006684304988,-2.2051221455701646,-1.9175427988861191,-1.9503956702705274,-1.7571408667081108,-2.0529788577243173,-2.086266909424775,-1.9596243012495105,0.13185141872549141,48
56,0.13002145290374756,0.020055325190503424,0.0023009061813354494,0.00045856710859004543,1,True,auto,"{'alpha': 1, 'fit_intercept': True, 'solver': 'auto'}",-1.9442848998760134,-1.7691324069054142,-1.927777803022537,-1.7638064504710897,-2.1650754879802716,-1.8888029825303214,-1.9073226860729426,-1.7129477852354802,-1.9869605824905492,-2.0006227707224475,-1.9066733855307068,0.1269181047021326,28
57,2.232686471939087,0.13164693587759146,0.00229947566986084,0.00045680186002109227,1,True,svd,"{'alpha': 1, 'fit_intercept': True, 'solver': 'svd'}",-1.944284899876015,-1.7691324069054175,-1.927777803022535,-1.7638064504710929,-2.1650754879802734,-1.8888029825303194,-1.9073226860729449,-1.712947785235481,-1.9869605824905583,-2.0006227707224395,-1.9066733855307079,0.12691810470213216,30
58,0.2164201021194458,0.027440368900533713,0.004308509826660156,0.0017974605475357354,1,True,cholesky,"{'alpha': 1, 'fit_intercept': True, 'solver': 'cholesky'}",-1.9442848998760134,-1.7691324069054142,-1.927777803022537,-1.7638064504710897,-2.1650754879802716,-1.8888029825303214,-1.9073226860729426,-1.7129477852354802,-1.9869605824905492,-2.0006227707224475,-1.9066733855307068,0.1269181047021326,28
59,0.282088565826416,0.040590318760253444,0.007494306564331055,0.0017976477580279554,1,True,lsqr,"{'alpha': 1, 'fit_intercept': True, 'solver': 'lsqr'}",-2.59937902291109,-2.2935079583136,-2.671083740472687,-2.5216434596714947,-2.9748943704237703,-2.5891304854242287,-2.809460239853634,-2.496138883714417,-2.775228061542476,-2.5277862064071104,-2.625825242873451,0.1815778994046203,78
60,0.4239070892333984,0.04149728899728011,0.005754351615905762,0.002338159005886105,1,True,sparse_cg,"{'alpha': 1, 'fit_intercept': True, 'solver': 'sparse_cg'}",-2.0665004527817374,-1.8878571899142245,-2.1375492513293644,-1.9148211955204966,-2.3725996421129887,-2.110133087469096,-2.1283326835219065,-1.962750305522242,-2.1571725996974367,-2.13790632643565,-2.0875622734305144,0.13380583570539245,64
61,0.42330853939056395,0.04790876112087621,0.002002573013305664,0.00044784458826831744,1,True,sag,"{'alpha': 1, 'fit_intercept': True, 'solver': 'sag'}",-1.9634791597798051,-1.7874852357494306,-1.9690776201119888,-1.805879868450618,-2.226158109090141,-1.941942357951935,-1.9314301407702872,-1.749988664499441,-2.064412773883216,-2.042816793202478,-1.9482670723489341,0.1364111852497759,35
62,0.33157155513763426,0.040863676994537385,0.0027007102966308595,0.0014885655086796033,1,True,saga,"{'alpha': 1, 'fit_intercept': True, 'solver': 'saga'}",-1.963443738806991,-1.798492487961919,-1.9979081559670067,-1.7985688677542833,-2.240420901566687,-1.9411395673043528,-1.9595590966558727,-1.7576496840343585,-2.041532734468914,-2.047432793735716,-1.9546148028256098,0.13694272305496524,43
63,0.13287749290466308,0.0296422133827447,0.003003430366516113,0.001262543630738033,1,False,auto,"{'alpha': 1, 'fit_intercept': False, 'solver': 'auto'}",-1.9466793144632883,-1.7693921579987002,-1.929783540282881,-1.7659996512528577,-2.148423261905801,-1.8908494463566141,-1.9066856877849465,-1.713846352116441,-1.987710707412512,-2.005827568681847,-1.9065197688255888,0.12371087942823474,25
64,2.088929295539856,0.09940608352158417,0.0028076648712158205,0.0008407890115307257,1,False,svd,"{'alpha': 1, 'fit_intercept': False, 'solver': 'svd'}",-1.9466793144633128,-1.769392157998869,-1.9297835402829724,-1.7659996512527596,-2.14842326190553,-1.8908494463565864,-1.906685687784978,-1.7138463521164702,-1.9877107074126057,-2.0058275686818168,-1.90651976882559,0.12371087942817628,27
65,0.17066211700439454,0.03349219967271981,0.0037026405334472656,0.0011900766105804564,1,False,cholesky,"{'alpha': 1, 'fit_intercept': False, 'solver': 'cholesky'}",-1.9466793144632883,-1.7693921579987002,-1.929783540282881,-1.7659996512528577,-2.148423261905801,-1.8908494463566141,-1.9066856877849465,-1.713846352116441,-1.987710707412512,-2.005827568681847,-1.9065197688255888,0.12371087942823474,25
66,0.18045778274536134,0.029144346781013915,0.008698868751525878,0.0066058137016373865,1,False,lsqr,"{'alpha': 1, 'fit_intercept': False, 'solver': 'lsqr'}",-4.620911267072684,-4.683378888862795,-4.992543507758579,-4.420230659190853,-5.308845627890411,-4.9497901324364895,-5.084866033834992,-4.930496820304584,-4.919209145620195,-4.421831694067945,-4.833210377703953,0.2743543042677875,87
67,0.2141946315765381,0.018465749421229846,0.0067005157470703125,0.0011002362491131408,1,False,sparse_cg,"{'alpha': 1, 'fit_intercept': False, 'solver': 'sparse_cg'}",-4.620911267072684,-4.683378888862795,-4.992543507758579,-4.420230659190853,-5.3088456278904115,-4.9497901324364895,-5.084866033834992,-4.930496820304584,-4.919209145620195,-4.4218316940679445,-4.833210377703953,0.2743543042677878,87
68,0.46372308731079104,0.06756304148335548,0.001999306678771973,0.0007747310680910834,1,False,sag,"{'alpha': 1, 'fit_intercept': False, 'solver': 'sag'}",-2.04680713405506,-1.8403856839688277,-2.0181137189642353,-1.8328505181131038,-2.1838250612455004,-1.9723510146589136,-2.091192991963717,-1.7767116223158737,-2.1600301600653724,-2.105621202080065,-2.002788910743067,0.13614418274123438,56
69,0.33782980442047117,0.0520638159246062,0.003504776954650879,0.0011220084189160014,1,False,saga,"{'alpha': 1, 'fit_intercept': False, 'solver': 'saga'}",-1.9638731666804452,-1.8101413819220795,-1.9973496607339238,-1.8310533204510318,-2.2668587490061007,-1.9302252058076046,-1.954345524868479,-1.7748345644179078,-2.067640876274266,-2.0832168423604305,-1.9679539292522272,0.1399993537738594,52
70,0.15828869342803956,0.01887548425403096,0.002399182319641113,0.0004921983324272005,10,True,auto,"{'alpha': 10, 'fit_intercept': True, 'solver': 'auto'}",-1.9648146748453041,-1.7876117286191042,-2.003489971639427,-1.8060616369997107,-2.224147238714857,-1.9355270019691373,-1.9835519332525728,-1.7626565160764902,-2.0375857507798814,-2.018665189006975,-1.9524111641903459,0.13194179733356448,38
71,2.1800832986831664,0.19324137231200572,0.0025011301040649414,0.0006694816562316041,10,True,svd,"{'alpha': 10, 'fit_intercept': True, 'solver': 'svd'}",-1.9648146748453046,-1.7876117286191047,-2.0034899716394263,-1.8060616369997085,-2.224147238714855,-1.9355270019691366,-1.9835519332525744,-1.7626565160764913,-2.037585750779882,-2.018665189006974,-1.9524111641903457,0.13194179733356404,37
72,0.19398784637451172,0.019400157396625338,0.00480036735534668,0.0032173698627854554,10,True,cholesky,"{'alpha': 10, 'fit_intercept': True, 'solver': 'cholesky'}",-1.9648146748453041,-1.7876117286191042,-2.003489971639427,-1.8060616369997107,-2.224147238714857,-1.9355270019691373,-1.9835519332525728,-1.7626565160764902,-2.0375857507798814,-2.018665189006975,-1.9524111641903459,0.13194179733356448,38
73,0.27428159713745115,0.04169389982643755,0.008198952674865723,0.004212962057022519,10,True,lsqr,"{'alpha': 10, 'fit_intercept': True, 'solver': 'lsqr'}",-2.5988493688402228,-2.295972182651892,-2.6712824506229205,-2.519471808354496,-2.9756915535834243,-2.5886974739620086,-2.811915176327844,-2.4978056675342835,-2.775965065019949,-2.524160830021233,-2.6259811576918275,0.18182104042861286,83
74,0.390190863609314,0.05169420854024863,0.005005240440368652,0.0007773028703628502,10,True,sparse_cg,"{'alpha': 10, 'fit_intercept': True, 'solver': 'sparse_cg'}",-2.1490332293202115,-1.9462959859459297,-2.221634788776758,-1.994206185023531,-2.3902502276912987,-2.1503049508053507,-2.2159326112309397,-2.0047040067564366,-2.2321642474359975,-2.1613657640774857,-2.146589199706394,0.12682335119201818,65
75,0.36292357444763185,0.05283517869387175,0.0022017955780029297,0.0004015289110383313,10,True,sag,"{'alpha': 10, 'fit_intercept': True, 'solver': 'sag'}",-1.9865059079198693,-1.7988767085703081,-1.9987915123401785,-1.8189175295523135,-2.2411000400710983,-1.9499812465590363,-1.9896450178570204,-1.771569383184458,-2.0559792536320174,-2.028126668853837,-1.9639493268540136,0.13314358557198627,49
76,0.3312494993209839,0.04578951396016915,0.002999567985534668,0.0011804776491818583,10,True,saga,"{'alpha': 10, 'fit_intercept': True, 'solver': 'saga'}",-1.9778536121086343,-1.8072705114866687,-2.0305789563480525,-1.825653428456673,-2.217519843903417,-1.9448555025599283,-2.0177824820232835,-1.7913657264800973,-2.0692589784883677,-2.0484154544743487,-1.973055449632947,0.12769023731344856,53
77,0.14907405376434327,0.027829313890898807,0.003958010673522949,0.001617644837765445,10,False,auto,"{'alpha': 10, 'fit_intercept': False, 'solver': 'auto'}",-1.9673716239492745,-1.789664222488112,-2.007384119389397,-1.8061708321837127,-2.214314109346029,-1.9393044186810589,-1.9808172188540554,-1.7636705131994423,-2.0329299646542762,-2.024531451093657,-1.9526158473839015,0.1296139320036695,40
78,2.080627179145813,0.07471454805192748,0.002600216865539551,0.0007978268384441545,10,False,svd,"{'alpha': 10, 'fit_intercept': False, 'solver': 'svd'}",-1.9673716239493084,-1.7896642224881882,-2.0073841193894815,-1.8061708321837169,-2.214314109346011,-1.9393044186810828,-1.9808172188540534,-1.7636705131994812,-2.032929964654316,-2.024531451093723,-1.952615847383936,0.1296139320036599,42
79,0.15975444316864013,0.02491198571219619,0.003254532814025879,0.0014716424880165827,10,False,cholesky,"{'alpha': 10, 'fit_intercept': False, 'solver': 'cholesky'}",-1.9673716239492745,-1.789664222488112,-2.007384119389397,-1.8061708321837127,-2.214314109346029,-1.9393044186810589,-1.9808172188540554,-1.7636705131994423,-2.0329299646542762,-2.024531451093657,-1.9526158473839015,0.1296139320036695,40
80,0.1671143054962158,0.04359707205230615,0.009308195114135743,0.005773413834753131,10,False,lsqr,"{'alpha': 10, 'fit_intercept': False, 'solver': 'lsqr'}",-4.62088688192992,-4.6833720476770075,-4.992581815944878,-4.4201924546331455,-5.308908448569462,-4.949831481033628,-5.084860604431734,-4.930460215651613,-4.919201704702488,-4.4218079393403835,-4.833210359391425,0.2743787219662118,85
81,0.21055116653442382,0.023606696675981774,0.0067634105682373045,0.0008155466986150472,10,False,sparse_cg,"{'alpha': 10, 'fit_intercept': False, 'solver': 'sparse_cg'}",-4.620886881929921,-4.6833720476770075,-4.992581815944878,-4.4201924546331455,-5.308908448569462,-4.949831481033628,-5.084860604431733,-4.930460215651613,-4.919201704702488,-4.421807939340383,-4.833210359391425,0.2743787219662118,85
82,0.4613286733627319,0.08359661654828875,0.0022020816802978517,0.0005993429843432484,10,False,sag,"{'alpha': 10, 'fit_intercept': False, 'solver': 'sag'}",-2.0110431742591626,-2.03464816759102,-2.419841819256726,-1.824617907824279,-2.2420539301294053,-2.030068866121891,-2.0535988571664863,-1.8132467301297162,-2.0404177579992617,-2.244238082000193,-2.0713775292478145,0.17774438410571572,59
83,0.30785503387451174,0.038524174974750115,0.0032497644424438477,0.0012106894284733209,10,False,saga,"{'alpha': 10, 'fit_intercept': False, 'solver': 'saga'}",-1.981235435433297,-1.829496475533511,-2.049769242938003,-1.824915580432362,-2.2350843184481426,-1.9583251582917547,-2.0643811339640172,-1.8000415434922317,-2.050359172831967,-2.0704774968200184,-1.9864085558185305,0.13013096730021015,54
84,0.15512621402740479,0.022579358370810793,0.003104233741760254,0.0018636205048252464,100,True,auto,"{'alpha': 100, 'fit_intercept': True, 'solver': 'auto'}",-2.204569045890305,-2.0148033772623313,-2.3028166914013397,-2.0772933901233164,-2.5470789138704384,-2.2192824824525808,-2.381306340124692,-2.084294232862799,-2.3407114574891783,-2.1527958519958985,-2.2324951783472877,0.1544379581555229,69
85,2.227100896835327,0.08422632019243614,0.0020011186599731444,0.000448143804862492,100,True,svd,"{'alpha': 100, 'fit_intercept': True, 'solver': 'svd'}",-2.204569045890304,-2.0148033772623317,-2.3028166914013397,-2.0772933901233155,-2.547078913870438,-2.21928248245258,-2.3813063401246928,-2.0842942328627987,-2.3407114574891783,-2.1527958519958994,-2.232495178347288,0.15443795815552294,71
86,0.18344998359680176,0.041385264792745936,0.003200674057006836,0.0009802981437081217,100,True,cholesky,"{'alpha': 100, 'fit_intercept': True, 'solver': 'cholesky'}",-2.204569045890305,-2.0148033772623313,-2.3028166914013397,-2.0772933901233164,-2.5470789138704384,-2.2192824824525808,-2.381306340124692,-2.084294232862799,-2.3407114574891783,-2.1527958519958985,-2.2324951783472877,0.1544379581555229,69
87,0.25970661640167236,0.045002562410119046,0.007503652572631836,0.0033543558566466883,100,True,lsqr,"{'alpha': 100, 'fit_intercept': True, 'solver': 'lsqr'}",-2.6119539679258397,-2.3360487703246333,-2.69343161005197,-2.5178402139927694,-3.0036007353721725,-2.6057726837744806,-2.8511931971062183,-2.5328226569098087,-2.8014804449730613,-2.5128178850591127,-2.646696216549007,0.18499196329305187,84
88,0.39136855602264403,0.02411378143913024,0.006598949432373047,0.0026917157919054517,100,True,sparse_cg,"{'alpha': 100, 'fit_intercept': True, 'solver': 'sparse_cg'}",-2.2547569028453145,-2.0553297355659454,-2.348921499191356,-2.123812544022269,-2.5780021289118085,-2.2716906896412254,-2.4303026520038973,-2.138495996555848,-2.392692313029477,-2.195844237436738,-2.278984869920388,0.15215737402206206,77
89,0.2875203609466553,0.053153939308660775,0.0024026870727539063,0.0004902592980946881,100,True,sag,"{'alpha': 100, 'fit_intercept': True, 'solver': 'sag'}",-2.2040477995474825,-2.009832733611559,-2.3100946246301826,-2.0863824790493175,-2.5526560783039516,-2.2316911355143363,-2.3919828170252604,-2.086479261573088,-2.351005595520958,-2.148543099496675,-2.237271562427281,0.15744317955296336,75
90,0.31095709800720217,0.04953191867771893,0.0029570341110229494,0.0014882219713747643,100,True,saga,"{'alpha': 100, 'fit_intercept': True, 'solver': 'saga'}",-2.1867135935472826,-1.9956018961038358,-2.2858856583193443,-2.0650282587583852,-2.533883716671943,-2.1995858089951525,-2.364616602262547,-2.0347718694817107,-2.318777703181954,-2.145095559876316,-2.212996066719847,0.15775295946384532,67
91,0.1476210117340088,0.02293357930429446,0.0027550697326660157,0.0006807106484242037,100,False,auto,"{'alpha': 100, 'fit_intercept': False, 'solver': 'auto'}",-2.21243583354249,-2.022861576433119,-2.316675367542543,-2.074208630018739,-2.5412582361771703,-2.229021827793849,-2.378990627088121,-2.089258942169445,-2.337954554795112,-2.152099055972519,-2.2354764651533103,0.15208882988713712,72
92,2.103305721282959,0.06778942822435625,0.0019012451171875,0.0003008477866001497,100,False,svd,"{'alpha': 100, 'fit_intercept': False, 'solver': 'svd'}",-2.2124358335425036,-2.022861576433137,-2.316675367542569,-2.074208630018738,-2.5412582361771507,-2.229021827793852,-2.3789906270881205,-2.0892589421694563,-2.337954554795122,-2.152099055972536,-2.2354764651533183,0.1520888298871305,74
93,0.16520414352416993,0.03511864757480814,0.0026999473571777343,0.0010035609027170707,100,False,cholesky,"{'alpha': 100, 'fit_intercept': False, 'solver': 'cholesky'}",-2.21243583354249,-2.022861576433119,-2.316675367542543,-2.074208630018739,-2.5412582361771703,-2.229021827793849,-2.378990627088121,-2.089258942169445,-2.337954554795112,-2.152099055972519,-2.2354764651533103,0.15208882988713712,72
94,0.16028189659118652,0.045224594852633984,0.007051324844360352,0.0023277749159006694,100,False,lsqr,"{'alpha': 100, 'fit_intercept': False, 'solver': 'lsqr'}",-4.620647589270296,-4.683308091321415,-4.9929690103191735,-4.419815106298483,-5.309540595800825,-4.950249055562221,-5.084810743875043,-4.930098779988972,-4.919131766536896,-4.421574965074306,-4.833214570404762,0.27462282114941955,97
95,0.22691717147827148,0.014579982865067266,0.008256244659423827,0.002353680983416784,100,False,sparse_cg,"{'alpha': 100, 'fit_intercept': False, 'solver': 'sparse_cg'}",-4.620647589270296,-4.683308091321413,-4.9929690103191735,-4.419815106298483,-5.309540595800827,-4.950249055562221,-5.084810743875043,-4.930098779988973,-4.919131766536896,-4.421574965074306,-4.833214570404762,0.27462282114942005,97
96,0.3799260377883911,0.08478976917822656,0.0034551382064819335,0.0014591413324023823,100,False,sag,"{'alpha': 100, 'fit_intercept': False, 'solver': 'sag'}",-2.2162345719453636,-2.050971960215081,-2.3235970576343865,-2.1002043927973224,-2.5562012433776955,-2.229546325603449,-2.3977923806813406,-2.1094375137083565,-2.3629313829169702,-2.149854496973263,-2.249677132585323,0.15072061795078165,76
97,0.23855798244476317,0.040846332504557416,0.0021038055419921875,0.0013727985515678948,100,False,saga,"{'alpha': 100, 'fit_intercept': False, 'solver': 'saga'}",-2.190664120237856,-2.005842600177514,-2.299939321281242,-2.0999098018631135,-2.5289827118010693,-2.2163760735875715,-2.3632588153764504,-2.072226142742631,-2.320372415970399,-2.139531025113249,-2.2237103028151095,0.148926760845471,68
